------------------------------------------------------
本次为第0次循环
本次循环number=48
shot第0次循环产生的坐标为(5,6),块号为0
shot第1次循环产生的坐标为(14,2),块号为0
shot第2次循环产生的坐标为(28,8),块号为4
shot第3次循环产生的坐标为(40,1),块号为8
未加入噪音的photo=
0 0 0 0 0 0 0 0 0 0 0 0 0 0 0 0 0 0 0 0 0 0 0 0 0 0 0 0 0 0 0 0 0 0 0 0 0 0 0 0 0 0 0 0 0 0 0 0 0 0 0 0 0 0 0 0 0 0 0 0 0 0 0 0
0 0 0 0 0 0 0 0 0 0 0 0 0 0 0 0 0 0 0 0 0 0 0 0 0 0 0 0 0 0 0 0 0 0 0 0 0 0 0 0 0 0 0 0 0 0 0 0 0 0 0 0 0 0 0 0 0 0 0 0 0 0 0 0
0 0 0 0 0 0 0 0 0 0 0 0 0 0 0 0 0 0 8 8 8 8 0 0 0 0 0 0 0 0 0 0 0 0 0 0 0 0 0 0 0 0 0 0 0 0 0 0 0 0 0 0 0 0 0 0 0 0 0 0 0 0 0 0
0 0 0 0 0 0 0 0 0 0 0 0 0 0 0 0 0 0 8 0 0 0 0 0 0 0 0 0 0 0 0 0 0 0 0 0 0 0 0 0 0 0 8 0 0 8 0 0 0 0 0 0 0 0 0 0 0 0 0 0 0 0 0 0
0 0 0 0 0 0 0 0 0 0 0 0 0 0 0 0 0 0 8 0 0 0 0 0 0 0 0 0 0 0 0 0 0 0 0 0 0 0 0 0 0 0 8 0 0 8 0 0 0 0 0 0 0 0 0 0 0 0 0 0 0 0 0 0
0 0 0 0 0 0 0 0 0 0 0 0 0 0 0 0 0 0 8 0 0 0 0 0 0 0 0 0 0 0 0 0 0 0 0 0 0 0 0 0 0 0 8 0 0 8 0 0 0 0 0 0 0 0 0 0 0 0 0 0 0 0 0 0
0 0 0 0 0 0 0 0 0 8 8 8 8 0 0 0 0 0 0 0 0 0 0 0 0 0 0 0 0 0 0 0 0 0 0 0 0 0 0 0 0 0 8 8 8 8 0 0 0 0 0 0 0 0 0 0 0 0 0 0 0 0 0 0
0 0 0 0 0 0 0 0 0 8 0 0 0 0 0 0 0 0 0 0 0 0 0 0 0 0 0 0 0 0 0 0 0 0 0 0 0 0 0 0 0 0 0 0 0 0 0 0 0 0 0 0 0 0 0 0 0 0 0 0 0 0 0 0
0 0 0 0 0 0 0 0 0 8 0 0 0 0 0 0 0 0 0 0 0 0 0 0 0 0 0 0 8 8 8 8 0 0 0 0 0 0 0 0 0 0 0 0 0 0 0 0 0 0 0 0 0 0 0 0 0 0 0 0 0 0 0 0
0 0 0 0 0 0 0 0 0 8 0 0 0 0 0 0 0 0 0 0 0 0 0 0 0 0 0 0 0 0 0 8 0 0 0 0 0 0 0 0 0 0 0 0 0 0 0 0 0 0 0 0 0 0 0 0 0 0 0 0 0 0 0 0
0 0 0 0 0 0 0 0 0 0 0 0 0 0 0 0 0 0 0 0 0 0 0 0 0 0 0 0 0 0 0 8 0 0 0 0 0 0 0 0 0 0 0 0 0 0 0 0 0 0 0 0 0 0 0 0 0 0 0 0 0 0 0 0
0 0 0 0 0 0 0 0 0 0 0 0 0 0 0 0 0 0 0 0 0 0 0 0 0 0 0 0 0 0 0 8 0 0 0 0 0 0 0 0 0 0 0 0 0 0 0 0 0 0 0 0 0 0 0 0 0 0 0 0 0 0 0 0
0 0 0 0 0 0 0 0 0 0 0 0 0 0 0 0 0 0 0 0 0 0 0 0 0 0 0 0 0 0 0 0 0 0 0 0 0 0 0 0 0 0 0 0 0 0 0 0 0 0 0 0 0 0 0 0 0 0 0 0 0 0 0 0
0 0 0 0 0 0 0 0 0 0 0 0 0 0 0 0 0 0 0 0 0 0 0 0 0 0 0 0 0 0 0 0 0 0 0 0 0 0 0 0 0 0 0 0 0 0 0 0 0 0 0 0 0 0 0 0 0 0 0 0 0 0 0 0
0 0 0 0 0 0 0 0 0 0 0 0 0 0 0 0 0 0 0 0 0 0 0 0 0 0 0 0 0 0 0 0 0 0 0 0 0 0 0 0 0 0 0 0 0 0 0 0 0 0 0 0 0 0 0 0 0 0 0 0 0 0 0 0
0 0 0 0 0 0 0 0 0 0 0 0 0 0 0 0 0 0 0 0 0 0 0 0 0 0 0 0 0 0 0 0 0 0 0 0 0 0 0 0 0 0 0 0 0 0 0 0 0 0 0 0 0 0 0 0 0 0 0 0 0 0 0 0
--------------------------------------------------------------------------------------------------------------------------------
加入噪音的photo=
0 0 0 0 0 0 0 0 0 0 0 0 0 0 0 0 0 0 0 0 0 0 0 0 0 0 0 0 0 0 0 0 0 0 0 0 0 8 0 0 8 0 0 0 0 0 0 0 0 0 0 0 8 0 0 0 0 0 0 0 8 0 8 0
0 0 0 0 0 0 0 0 0 0 0 8 0 0 0 0 0 0 0 0 8 0 0 0 0 0 0 8 0 0 0 0 0 0 0 0 0 0 0 0 0 0 8 8 8 0 0 0 0 0 0 0 0 0 0 0 0 0 0 0 8 0 0 0
0 0 0 0 0 0 0 0 0 0 0 0 0 8 0 0 0 8 0 8 8 8 0 8 0 0 0 0 0 0 0 0 0 0 0 0 0 0 0 0 0 0 0 0 0 0 0 0 0 0 0 0 0 0 0 0 0 8 0 0 0 8 0 0
0 0 0 0 0 0 0 0 0 0 0 0 0 0 0 0 0 0 8 8 0 0 0 8 0 0 0 0 0 0 0 8 0 0 0 0 0 0 0 0 0 0 8 0 0 8 8 0 0 0 0 0 0 0 0 0 8 0 0 0 0 0 0 0
0 0 0 0 0 0 0 0 0 0 0 0 0 0 0 0 0 8 8 0 8 0 0 0 0 0 0 0 0 0 0 8 0 0 0 8 0 0 8 0 0 0 8 0 0 0 0 0 0 0 0 0 0 0 0 0 0 0 0 0 8 0 0 0
0 0 0 0 0 0 0 0 0 0 0 0 0 0 0 0 0 0 8 0 0 0 0 0 0 0 0 0 0 0 0 0 0 0 0 8 0 0 0 0 0 0 8 0 0 8 8 0 0 0 8 0 0 0 0 0 0 0 8 0 8 8 0 0
0 8 0 0 0 0 0 0 0 8 8 8 8 0 0 0 0 0 0 0 8 0 0 0 0 0 0 8 0 0 0 0 0 0 0 0 0 0 0 0 0 0 8 8 8 8 0 0 0 0 0 0 0 0 0 0 0 0 0 0 8 0 0 0
0 0 8 0 0 0 0 0 0 8 0 0 0 0 0 0 0 0 0 0 0 8 0 0 8 0 0 0 0 0 0 0 0 0 0 8 0 0 0 0 0 0 0 8 0 0 0 0 0 0 0 0 8 0 8 8 0 0 0 0 0 0 0 8
0 0 0 0 0 0 0 0 8 8 0 0 0 0 0 0 0 0 8 8 0 0 0 0 0 0 0 0 8 8 8 8 0 0 0 0 0 0 0 0 0 0 0 0 0 0 0 0 0 0 0 0 0 0 0 0 0 0 0 0 0 0 0 0
0 0 0 8 0 0 0 0 0 8 8 0 0 8 0 0 0 0 0 0 0 0 0 0 0 8 0 0 0 0 0 8 0 0 0 0 0 0 0 0 0 0 8 0 0 0 0 8 0 0 0 0 0 0 0 0 0 0 8 0 0 0 0 0
0 0 0 0 0 0 0 0 0 0 0 0 0 0 0 0 0 8 0 0 0 0 8 0 8 0 0 0 0 0 0 8 0 0 0 0 0 0 0 0 0 0 0 0 0 0 0 0 0 0 8 0 0 0 0 0 0 0 0 0 0 0 0 0
8 0 0 0 0 0 0 0 8 0 0 0 0 0 0 0 0 0 0 0 0 0 0 0 0 8 8 0 0 0 0 8 0 0 0 0 0 0 0 0 0 0 8 0 0 0 0 0 0 0 0 0 0 0 0 0 0 8 0 0 0 0 0 0
0 0 0 0 0 0 0 0 0 0 0 0 0 0 0 0 8 0 0 0 0 0 0 0 0 8 0 0 0 0 0 0 0 0 0 0 0 0 0 0 0 0 0 0 0 0 0 0 0 0 0 8 0 0 0 0 0 8 0 8 0 8 0 8
8 0 0 0 0 0 0 0 0 0 0 0 0 8 0 0 0 0 0 0 8 0 0 0 0 0 0 0 0 0 0 0 0 8 0 0 8 0 0 8 0 0 0 0 0 0 0 8 0 0 0 0 0 0 0 0 0 0 8 0 0 8 0 0
0 0 0 0 0 8 0 0 0 0 0 0 0 0 0 0 0 0 0 0 0 0 0 0 0 8 0 0 0 0 0 8 0 0 0 0 0 0 0 0 0 0 8 0 0 0 0 0 8 0 0 0 0 0 8 0 0 0 0 0 0 0 0 0
0 0 0 0 0 8 0 0 0 0 0 0 0 0 0 0 0 0 0 0 0 8 0 0 0 8 0 0 0 0 0 0 0 0 0 0 0 8 0 0 0 0 0 8 0 0 0 8 0 8 0 8 0 0 0 0 0 8 0 0 0 0 0 0
--------------------------------------------------------------------------------------------------------------------------------
降噪后的photo=
0 0 0 0 0 0 0 0 0 0 0 0 0 0 0 0 0 0 0 0 0 0 0 0 0 0 0 0 0 0 0 0 0 0 0 0 0 0 0 0 0 0 0 0 0 0 0 0 0 0 0 0 0 0 0 0 0 0 0 0 0 0 0 0
0 0 0 0 0 0 0 0 0 0 0 0 0 0 0 0 0 0 0 0 0 0 0 0 0 0 0 0 0 0 0 0 0 0 0 0 0 0 0 0 0 0 8 0 0 0 0 0 0 0 0 0 0 0 0 0 0 0 0 0 0 0 0 0
0 0 0 0 0 0 0 0 0 0 0 0 0 0 0 0 0 0 0 8 0 0 0 0 0 0 0 0 0 0 0 0 0 0 0 0 0 0 0 0 0 0 0 0 0 0 0 0 0 0 0 0 0 0 0 0 0 0 0 0 0 0 0 0
0 0 0 0 0 0 0 0 0 0 0 0 0 0 0 0 0 0 8 0 0 0 0 0 0 0 0 0 0 0 0 0 0 0 0 0 0 0 0 0 0 0 8 0 0 0 0 0 0 0 0 0 0 0 0 0 0 0 0 0 0 0 0 0
0 0 0 0 0 0 0 0 0 0 0 0 0 0 0 0 0 0 0 0 0 0 0 0 0 0 0 0 0 0 0 0 0 0 0 0 0 0 0 0 0 0 8 0 0 0 0 0 0 0 0 0 0 0 0 0 0 0 0 0 8 0 0 0
0 0 0 0 0 0 0 0 0 0 0 0 0 0 0 0 0 0 0 0 0 0 0 0 0 0 0 0 0 0 0 0 0 0 0 0 0 0 0 0 0 0 8 0 0 0 0 0 0 0 0 0 0 0 0 0 0 0 0 0 0 0 0 0
0 0 0 0 0 0 0 0 0 8 8 8 8 0 0 0 0 0 0 0 0 0 0 0 0 0 0 0 0 0 0 0 0 0 0 0 0 0 0 0 0 0 8 8 8 8 0 0 0 0 0 0 0 0 0 0 0 0 0 0 0 0 0 0
0 0 0 0 0 0 0 0 0 8 0 0 0 0 0 0 0 0 0 0 0 0 0 0 0 0 0 0 0 0 0 0 0 0 0 0 0 0 0 0 0 0 0 0 0 0 0 0 0 0 0 0 0 0 0 0 0 0 0 0 0 0 0 0
0 0 0 0 0 0 0 0 0 8 0 0 0 0 0 0 0 0 0 0 0 0 0 0 0 0 0 0 8 8 8 8 0 0 0 0 0 0 0 0 0 0 0 0 0 0 0 0 0 0 0 0 0 0 0 0 0 0 0 0 0 0 0 0
0 0 0 0 0 0 0 0 0 8 0 0 0 0 0 0 0 0 0 0 0 0 0 0 0 0 0 0 0 0 0 8 0 0 0 0 0 0 0 0 0 0 0 0 0 0 0 0 0 0 0 0 0 0 0 0 0 0 0 0 0 0 0 0
0 0 0 0 0 0 0 0 0 0 0 0 0 0 0 0 0 0 0 0 0 0 0 0 0 0 0 0 0 0 0 8 0 0 0 0 0 0 0 0 0 0 0 0 0 0 0 0 0 0 0 0 0 0 0 0 0 0 0 0 0 0 0 0
0 0 0 0 0 0 0 0 0 0 0 0 0 0 0 0 0 0 0 0 0 0 0 0 0 0 0 0 0 0 0 8 0 0 0 0 0 0 0 0 0 0 0 0 0 0 0 0 0 0 0 0 0 0 0 0 0 0 0 0 0 0 0 0
0 0 0 0 0 0 0 0 0 0 0 0 0 0 0 0 0 0 0 0 0 0 0 0 0 0 0 0 0 0 0 0 0 0 0 0 0 0 0 0 0 0 0 0 0 0 0 0 0 0 0 0 0 0 0 0 0 0 0 0 0 0 0 0
0 0 0 0 0 0 0 0 0 0 0 0 0 0 0 0 0 0 0 0 0 0 0 0 0 0 0 0 0 0 0 0 0 0 0 0 0 0 0 0 0 0 0 0 0 0 0 0 0 0 0 0 0 0 0 0 0 0 0 0 0 0 0 0
0 0 0 0 0 0 0 0 0 0 0 0 0 0 0 0 0 0 0 0 0 0 0 0 0 0 0 0 0 0 0 0 0 0 0 0 0 0 0 0 0 0 0 0 0 0 0 0 0 0 0 0 0 0 0 0 0 0 0 0 0 0 0 0
0 0 0 0 0 0 0 0 0 0 0 0 0 0 0 0 0 0 0 0 0 0 0 0 0 0 0 0 0 0 0 0 0 0 0 0 0 0 0 0 0 0 0 0 0 0 0 0 0 0 0 0 0 0 0 0 0 0 0 0 0 0 0 0
当前是第0号数组滤镜64*7||6 448 384
0 0 0 0 8 8 8 8
0 0 0 0 8 0 0 0
0 0 0 0 8 0 0 0
0 0 0 0 8 0 0 0
0 0 0 0 0 0 0 0
0 0 0 0 0 0 0 0
0 0 0 0 0 0 0 0
0 0 0 0 0 0 0 0
dayindot
0 0 0 0 0 0 0 0 0 0 0 0 0 0 64 64 0 0 0 0 0 0 0 0 0 0 0 0 0 0 0 0 0 0 0 0 0 0 128 0 0 0 0 0 0 0 0 0 0 0 0 0 0 0 0 0
0 0 0 0 0 0 0 0 0 0 0 0 0 0 64 64 0 0 0 0 0 0 0 0 0 0 0 0 0 0 0 0 0 0 0 64 64 64 192 0 0 0 0 0 0 0 0 0 0 0 0 0 0 0 0 0
0 0 0 0 0 0 0 0 0 0 0 0 64 64 128 64 0 0 0 0 0 0 0 0 0 0 0 0 0 0 0 0 0 0 0 0 0 0 192 0 0 0 0 0 0 0 0 0 0 0 0 0 0 0 0 0
0 0 0 0 0 64 64 64 64 0 0 64 64 64 64 0 0 0 0 0 0 0 0 0 0 0 0 0 0 0 0 0 0 0 0 64 64 64 256 64 64 64 0 0 0 0 0 0 0 0 0 0 0 0 0 0
0 0 0 0 0 128 64 64 64 0 0 0 0 0 0 0 0 0 0 0 0 0 0 0 0 0 0 0 0 0 0 0 0 0 0 64 64 64 192 64 64 64 0 0 0 0 0 0 0 0 0 0 0 64 64 64
0 0 0 0 0 192 64 64 64 0 0 0 0 0 0 0 0 0 0 0 0 0 0 0 64 64 64 64 0 0 0 0 0 0 0 64 64 64 128 64 64 64 0 0 0 0 0 0 0 0 0 0 0 0 0 0
0 0 64 128 192 448 192 128 64 0 0 0 0 0 0 0 0 0 0 0 0 0 0 0 64 64 64 128 0 0 0 0 0 0 0 64 128 192 256 192 128 64 0 0 0 0 0 0 0 0 0 0 0 0 0 0
0 0 64 64 64 192 0 0 0 0 0 0 0 0 0 0 0 0 0 0 0 0 0 0 64 64 64 192 0 0 0 0 0 0 0 0 0 0 0 0 0 0 0 0 0 0 0 0 0 0 0 0 0 0 0 0
max1=448,x=6,y=6
max2=0,x=7,y=7
max3=0,x=0,y=0
当前是第1号数组滤镜64*10||11 640 704
0 0 0 0 8 8 8 8
0 0 0 0 8 0 0 0
0 0 0 0 8 0 0 0
0 0 0 0 8 0 0 0
0 0 0 0 8 0 0 0
0 0 0 0 8 0 0 0
0 0 0 0 8 0 0 0
0 0 0 0 8 0 0 0
dayindot
0 0 0 0 0 128 64 64 64 0 0 0 0 0 64 64 0 0 0 0 0 0 0 0 0 0 0 0 0 0 0 0 0 0 0 0 0 0 320 64 64 64 0 0 0 0 0 0 0 0 0 0 0 0 0 0
0 0 0 0 0 192 64 64 64 0 0 0 0 0 64 64 0 0 0 0 0 0 0 0 64 64 64 64 0 0 0 0 0 0 0 64 64 64 320 64 64 64 0 0 0 0 0 0 0 0 0 0 0 0 0 0
0 0 0 0 0 256 64 64 64 0 0 0 64 64 128 64 0 0 0 0 0 0 0 0 64 64 64 128 0 0 0 0 0 0 0 0 0 0 256 64 64 64 0 0 0 0 0 0 0 0 0 0 0 0 0 0
0 0 0 0 0 256 64 64 64 0 0 64 64 64 64 0 0 0 0 0 0 0 0 0 64 64 64 192 0 0 0 0 0 0 0 64 64 64 256 64 64 64 0 0 0 0 0 0 0 0 0 0 0 0 0 0
0 0 0 0 0 256 64 64 64 0 0 0 0 0 0 0 0 0 0 0 0 0 0 0 64 64 64 256 0 0 0 0 0 0 0 64 64 64 192 64 64 64 0 0 0 0 0 0 0 0 0 0 0 64 64 64
0 0 0 0 0 256 64 64 64 0 0 0 0 0 0 0 0 0 0 0 0 0 0 0 64 64 64 256 0 0 0 0 0 0 0 64 64 64 128 64 64 64 0 0 0 0 0 0 0 0 0 0 0 0 0 0
0 0 64 128 192 448 192 128 64 0 0 0 0 0 0 0 0 0 0 0 0 0 0 0 64 64 64 256 0 0 0 0 0 0 0 64 128 192 256 192 128 64 0 0 0 0 0 0 0 0 0 0 0 0 0 0
0 0 64 64 64 192 0 0 0 0 0 0 0 0 0 0 0 0 0 0 0 0 0 0 64 64 64 256 0 0 0 0 0 0 0 0 0 0 0 0 0 0 0 0 0 0 0 0 0 0 0 0 0 0 0 0
max1=448,x=6,y=6
max2=0,x=7,y=7
max3=0,x=0,y=0
当前是第2号数组滤镜64*14||13 896 832
0 0 0 0 8 8 8 8
0 0 0 0 8 0 0 0
0 0 0 0 8 0 0 0
0 0 0 0 8 0 0 0
0 0 0 0 8 0 0 0
0 0 0 0 8 0 0 0
0 0 0 0 8 0 0 0
0 0 0 0 8 8 8 8
dayindot
0 0 64 64 64 128 64 64 64 0 0 0 0 0 64 64 0 0 0 0 0 0 0 0 0 0 0 0 0 0 0 0 0 0 0 0 0 0 320 64 64 64 0 0 0 0 0 0 0 0 0 0 0 0 0 0
0 0 64 64 64 192 64 64 64 0 0 0 0 0 64 64 0 0 0 0 0 64 128 192 256 192 128 64 0 0 0 0 0 0 0 64 64 64 320 64 64 64 0 0 0 0 0 0 0 0 0 0 0 0 0 0
0 0 64 64 64 256 64 64 64 0 0 0 64 64 128 64 0 0 0 0 0 0 0 0 128 128 128 128 0 0 0 0 0 0 0 0 0 0 256 64 64 64 0 0 0 0 0 0 0 0 0 0 0 0 0 0
0 0 0 0 0 256 64 64 64 0 0 64 64 64 64 0 0 0 0 0 0 0 0 0 128 128 128 192 0 0 0 0 0 0 0 64 64 64 256 64 64 64 0 0 0 0 0 0 0 0 0 0 0 0 0 0
0 0 0 0 0 256 64 64 64 0 0 0 0 0 0 0 0 0 0 0 0 0 0 0 128 128 128 256 0 0 0 0 0 0 0 64 64 64 192 64 64 64 0 0 0 0 0 0 0 0 0 0 0 64 64 64
0 0 0 0 0 256 64 64 64 0 0 0 0 0 0 0 0 0 0 0 0 0 0 0 64 64 64 256 0 0 0 0 0 0 0 64 64 64 128 64 64 64 0 0 0 0 0 0 0 0 0 0 0 0 0 0
0 0 64 128 192 448 192 128 64 0 0 0 0 0 0 0 0 0 0 0 0 0 0 0 64 64 64 256 0 0 0 0 0 0 0 64 128 192 256 192 128 64 0 0 0 0 0 0 0 0 0 0 0 0 0 0
0 0 64 64 64 192 0 0 0 0 0 0 0 0 0 0 0 0 0 0 0 0 0 0 64 64 64 256 0 0 0 0 0 0 0 0 0 0 0 0 0 0 0 0 0 0 0 0 0 0 0 0 0 0 0 0
max1=448,x=6,y=6
max2=0,x=7,y=7
max3=0,x=0,y=0
当前是第3号数组滤镜64*7|| 64*6 448 384
0 0 0 0 0 0 0 0
0 0 0 0 0 0 0 0
0 0 0 0 0 0 0 0
0 0 0 0 0 0 0 0
0 0 0 0 8 0 0 0
0 0 0 0 8 0 0 0
0 0 0 0 8 0 0 0
0 0 0 0 8 8 8 8
dayindot
0 0 64 64 64 128 64 64 64 0 0 0 0 0 0 0 0 0 0 0 0 0 0 0 0 0 0 0 0 0 0 0 0 0 0 0 0 0 192 64 64 64 0 0 0 0 0 0 0 0 0 0 0 0 0 0
0 0 64 64 64 192 64 64 64 0 0 0 0 0 0 0 0 0 0 0 0 64 128 192 256 192 128 64 0 0 0 0 0 0 0 0 0 0 128 64 64 64 0 0 0 0 0 0 0 0 0 0 0 0 0 0
0 0 64 64 64 256 64 64 64 0 0 0 0 0 0 0 0 0 0 0 0 0 0 0 128 128 128 128 0 0 0 0 0 0 0 0 0 0 64 64 64 64 0 0 0 0 0 0 0 0 0 0 0 0 0 0
0 0 0 0 0 192 0 0 0 0 0 0 0 0 0 0 0 0 0 0 0 0 0 0 128 128 128 192 0 0 0 0 0 0 0 0 0 0 0 0 0 0 0 0 0 0 0 0 0 0 0 0 0 0 0 0
0 0 0 0 0 128 0 0 0 0 0 0 0 0 0 0 0 0 0 0 0 0 0 0 128 128 128 256 0 0 0 0 0 0 0 0 0 0 0 0 0 0 0 0 0 0 0 0 0 0 0 0 0 0 0 0
0 0 0 0 0 64 0 0 0 0 0 0 0 0 0 0 0 0 0 0 0 0 0 0 0 0 0 192 0 0 0 0 0 0 0 0 0 0 0 0 0 0 0 0 0 0 0 0 0 0 0 0 0 0 0 0
0 0 0 0 0 0 0 0 0 0 0 0 0 0 0 0 0 0 0 0 0 0 0 0 0 0 0 128 0 0 0 0 0 0 0 0 0 0 0 0 0 0 0 0 0 0 0 0 0 0 0 0 0 0 0 0
0 0 0 0 0 0 0 0 0 0 0 0 0 0 0 0 0 0 0 0 0 0 0 0 0 0 0 64 0 0 0 0 0 0 0 0 0 0 0 0 0 0 0 0 0 0 0 0 0 0 0 0 0 0 0 0
max1=256,x=4,y=4
max2=0,x=7,y=7
max3=0,x=0,y=0
当前是第4号数组滤镜64*7|| 64*6 448 384
8 8 8 8 0 0 0 0
0 0 0 8 0 0 0 0
0 0 0 8 0 0 0 0
0 0 0 8 0 0 0 0
0 0 0 0 0 0 0 0
0 0 0 0 0 0 0 0
0 0 0 0 0 0 0 0
0 0 0 0 0 0 0 0
dayindot
0 0 0 0 0 0 0 0 0 0 0 0 0 0 0 64 64 0 0 0 0 0 0 0 0 0 0 0 0 0 0 0 0 0 0 0 0 0 0 128 0 0 0 0 0 0 0 0 0 0 0 0 0 0 0 0
0 0 0 0 0 0 0 0 0 0 0 0 0 0 0 64 64 0 0 0 0 0 0 0 0 0 0 0 0 0 0 0 0 0 0 0 0 0 0 192 64 64 64 0 0 0 0 0 0 0 0 0 0 0 0 0
0 0 0 0 0 0 0 0 0 0 0 0 0 0 0 64 64 64 64 64 0 0 0 0 0 0 0 0 0 0 0 0 0 0 0 0 0 0 0 192 0 0 0 0 0 0 0 0 0 0 0 0 0 0 0 0
0 0 0 0 0 0 64 64 64 64 0 0 0 0 0 64 64 64 64 0 0 0 0 0 0 0 0 0 0 0 0 0 0 0 0 0 0 0 0 256 128 128 128 0 0 0 0 0 0 0 0 0 0 0 0 0
0 0 0 0 0 0 128 64 64 64 0 0 0 0 0 0 0 0 0 0 0 0 0 0 0 0 0 0 0 0 0 0 0 0 0 0 0 0 0 192 128 128 128 0 0 0 0 0 0 0 0 0 0 0 0 0
0 0 0 0 0 0 192 64 64 64 0 0 0 0 0 0 0 0 0 0 0 0 0 0 0 64 64 64 64 0 0 0 0 0 0 0 0 0 0 128 128 128 128 0 0 0 0 0 0 0 0 0 0 0 0 0
0 0 0 0 0 0 256 128 192 256 192 128 64 0 0 0 0 0 0 0 0 0 0 0 0 64 64 64 128 0 0 0 0 0 0 0 0 0 0 64 128 192 256 192 128 64 0 0 0 0 0 0 0 0 0 0
0 0 0 0 0 0 192 64 64 64 0 0 0 0 0 0 0 0 0 0 0 0 0 0 0 64 64 64 192 0 0 0 0 0 0 0 0 0 0 0 0 0 0 0 0 0 0 0 0 0 0 0 0 0 0 0
max1=256,x=6,y=6
max2=0,x=7,y=7
max3=0,x=0,y=0
当前是第5号数组滤镜64*10||11 640 704
8 8 8 8 0 0 0 0
0 0 0 8 0 0 0 0
0 0 0 8 0 0 0 0
0 0 0 8 0 0 0 0
0 0 0 8 0 0 0 0
0 0 0 8 0 0 0 0
0 0 0 8 0 0 0 0
0 0 0 8 0 0 0 0
dayindot
0 0 0 0 0 0 128 64 64 64 0 0 0 0 0 64 64 0 0 0 0 0 0 0 0 0 0 0 0 0 0 0 0 0 0 0 0 0 0 320 64 64 64 0 0 0 0 0 0 0 0 0 0 0 0 0
0 0 0 0 0 0 192 64 64 64 0 0 0 0 0 64 64 0 0 0 0 0 0 0 0 64 64 64 64 0 0 0 0 0 0 0 0 0 0 320 128 128 128 0 0 0 0 0 0 0 0 0 0 0 0 0
0 0 0 0 0 0 256 64 64 64 0 0 0 0 0 64 64 64 64 64 0 0 0 0 0 64 64 64 128 0 0 0 0 0 0 0 0 0 0 256 64 64 64 0 0 0 0 0 0 0 0 0 0 0 0 0
0 0 0 0 0 0 256 64 64 64 0 0 0 0 0 64 64 64 64 0 0 0 0 0 0 64 64 64 192 0 0 0 0 0 0 0 0 0 0 256 128 128 128 0 0 0 0 0 0 0 0 0 0 0 0 0
0 0 0 0 0 0 256 64 64 64 0 0 0 0 0 0 0 0 0 0 0 0 0 0 0 64 64 64 256 0 0 0 0 0 0 0 0 0 0 192 128 128 128 0 0 0 0 0 0 0 0 0 0 0 0 0
0 0 0 0 0 0 256 64 64 64 0 0 0 0 0 0 0 0 0 0 0 0 0 0 0 64 64 64 256 0 0 0 0 0 0 0 0 0 0 128 128 128 128 0 0 0 0 0 0 0 0 0 0 0 0 0
0 0 0 0 0 0 256 128 192 256 192 128 64 0 0 0 0 0 0 0 0 0 0 0 0 64 64 64 256 0 0 0 0 0 0 0 0 0 0 64 128 192 256 192 128 64 0 0 0 0 0 0 0 0 0 0
0 0 0 0 0 0 192 64 64 64 0 0 0 0 0 0 0 0 0 0 0 0 0 0 0 64 64 64 256 0 0 0 0 0 0 0 0 0 0 0 0 0 0 0 0 0 0 0 0 0 0 0 0 0 0 0
max1=320,x=1,y=1
max2=0,x=7,y=7
max3=0,x=0,y=0
当前是第6号数组滤镜64*14||13 896 832
8 8 8 8 0 0 0 0
0 0 0 8 0 0 0 0
0 0 0 8 0 0 0 0
0 0 0 8 0 0 0 0
0 0 0 8 0 0 0 0
0 0 0 8 0 0 0 0
0 0 0 8 0 0 0 0
8 8 8 8 0 0 0 0
dayindot
0 0 0 0 0 0 128 128 128 128 0 0 0 0 0 64 64 0 0 0 0 0 0 0 0 0 0 0 0 0 0 0 0 0 0 0 0 0 0 320 64 64 64 0 0 0 0 0 0 0 0 0 0 0 0 0
0 0 0 0 0 0 192 128 128 128 0 0 0 0 0 64 64 0 0 0 0 0 0 0 0 64 128 192 256 192 128 64 0 0 0 0 0 0 0 320 128 128 128 0 0 0 0 0 0 0 0 0 0 0 0 0
0 0 0 0 0 0 256 128 128 128 0 0 0 0 0 64 64 64 64 64 0 0 0 0 0 64 64 64 128 64 64 64 0 0 0 0 0 0 0 256 64 64 64 0 0 0 0 0 0 0 0 0 0 0 0 0
0 0 0 0 0 0 256 64 64 64 0 0 0 0 0 64 64 64 64 0 0 0 0 0 0 64 64 64 192 64 64 64 0 0 0 0 0 0 0 256 128 128 128 0 0 0 0 0 0 0 0 0 0 0 0 0
0 0 0 0 0 0 256 64 64 64 0 0 0 0 0 0 0 0 0 0 0 0 0 0 0 64 64 64 256 64 64 64 0 0 0 0 0 0 0 192 128 128 128 0 0 0 0 0 0 0 0 0 0 0 0 0
0 0 0 0 0 0 256 64 64 64 0 0 0 0 0 0 0 0 0 0 0 0 0 0 0 64 64 64 256 0 0 0 0 0 0 0 0 0 0 128 128 128 128 0 0 0 0 0 0 0 0 0 0 0 0 0
0 0 0 0 0 0 256 128 192 256 192 128 64 0 0 0 0 0 0 0 0 0 0 0 0 64 64 64 256 0 0 0 0 0 0 0 0 0 0 64 128 192 256 192 128 64 0 0 0 0 0 0 0 0 0 0
0 0 0 0 0 0 192 64 64 64 0 0 0 0 0 0 0 0 0 0 0 0 0 0 0 64 64 64 256 0 0 0 0 0 0 0 0 0 0 0 0 0 0 0 0 0 0 0 0 0 0 0 0 0 0 0
max1=320,x=1,y=1
max2=0,x=7,y=7
max3=0,x=0,y=0
当前是第7号数组滤镜64*7|| 64*6 448 384
0 0 0 0 0 0 0 0
0 0 0 0 0 0 0 0
0 0 0 0 0 0 0 0
0 0 0 0 0 0 0 0
0 0 0 8 0 0 0 0
0 0 0 8 0 0 0 0
0 0 0 8 0 0 0 0
8 8 8 8 0 0 0 0
dayindot
0 0 0 0 0 0 128 128 128 128 0 0 0 0 0 0 0 0 0 0 0 0 0 0 0 0 0 0 0 0 0 0 0 0 0 0 0 0 0 192 64 64 64 0 0 0 0 0 0 0 0 0 0 0 0 0
0 0 0 0 0 0 192 128 128 128 0 0 0 0 0 0 0 0 0 0 0 0 0 0 0 64 128 192 256 192 128 64 0 0 0 0 0 0 0 128 64 64 64 0 0 0 0 0 0 0 0 0 0 0 0 0
0 0 0 0 0 0 256 128 128 128 0 0 0 0 0 0 0 0 0 0 0 0 0 0 0 64 64 64 128 64 64 64 0 0 0 0 0 0 0 64 64 64 64 0 0 0 0 0 0 0 0 0 0 0 0 0
0 0 0 0 0 0 192 0 0 0 0 0 0 0 0 0 0 0 0 0 0 0 0 0 0 64 64 64 192 64 64 64 0 0 0 0 0 0 0 0 0 0 0 0 0 0 0 0 0 0 0 0 0 0 0 0
0 0 0 0 0 0 128 0 0 0 0 0 0 0 0 0 0 0 0 0 0 0 0 0 0 64 64 64 256 64 64 64 0 0 0 0 0 0 0 0 0 0 0 0 0 0 0 0 0 0 0 0 0 0 0 0
0 0 0 0 0 0 64 0 0 0 0 0 0 0 0 0 0 0 0 0 0 0 0 0 0 0 0 0 192 0 0 0 0 0 0 0 0 0 0 0 0 0 0 0 0 0 0 0 0 0 0 0 0 0 0 0
0 0 0 0 0 0 0 0 0 0 0 0 0 0 0 0 0 0 0 0 0 0 0 0 0 0 0 0 128 0 0 0 0 0 0 0 0 0 0 0 0 0 0 0 0 0 0 0 0 0 0 0 0 0 0 0
0 0 0 0 0 0 0 0 0 0 0 0 0 0 0 0 0 0 0 0 0 0 0 0 0 0 0 0 64 0 0 0 0 0 0 0 0 0 0 0 0 0 0 0 0 0 0 0 0 0 0 0 0 0 0 0
max1=256,x=4,y=4
max2=0,x=7,y=7
max3=0,x=0,y=0
当前是第8号数组滤镜64*10|| 64*9 640 576
0 0 0 0 0 0 0 0
0 0 0 0 0 0 0 0
0 0 8 0 0 8 0 0
0 0 8 0 0 8 0 0
0 0 8 0 0 8 0 0
0 0 8 8 8 8 0 0
0 0 0 0 0 0 0 0
0 0 0 0 0 0 0 0
dayindot
0 0 0 0 0 0 0 0 0 0 0 0 0 64 64 0 64 64 0 0 0 0 0 0 0 0 0 0 0 0 0 0 0 0 0 0 0 192 64 64 192 0 0 0 0 0 0 0 0 0 0 0 0 0 0 64
0 0 0 0 64 128 192 256 192 128 64 0 0 64 0 0 64 0 0 0 0 0 0 0 0 0 0 0 0 0 0 0 0 0 0 0 0 256 128 192 448 192 128 64 0 0 0 0 0 0 0 0 0 0 0 64
0 0 0 0 128 128 128 192 64 64 64 0 0 0 0 0 0 0 0 0 0 0 0 0 0 0 0 0 0 0 0 0 0 0 0 0 0 192 64 64 256 64 64 64 0 0 0 0 0 0 0 0 0 0 0 64
0 0 0 0 192 128 128 256 64 64 64 0 0 0 0 0 0 0 0 0 0 0 0 64 128 192 256 192 128 64 0 0 0 0 0 0 0 128 64 64 192 64 64 64 0 0 0 0 0 0 0 0 0 0 0 0
0 0 0 0 256 128 128 320 64 64 64 0 0 0 0 0 0 0 0 0 0 0 0 64 64 64 192 128 128 128 0 0 0 0 0 0 0 64 64 64 128 64 64 64 0 0 0 0 0 0 0 0 0 0 0 0
0 0 0 0 192 0 0 192 0 0 0 0 0 0 0 0 0 0 0 0 0 0 0 64 64 64 256 128 128 192 0 0 0 0 0 0 0 0 0 0 0 0 0 0 0 0 0 0 0 0 0 0 0 0 0 0
0 0 0 0 128 0 0 128 0 0 0 0 0 0 0 0 0 0 0 0 0 0 0 64 64 64 320 128 128 256 0 0 0 0 0 0 0 0 0 0 0 0 0 0 0 0 0 0 0 0 0 0 0 0 0 0
0 0 0 0 64 0 0 64 0 0 0 0 0 0 0 0 0 0 0 0 0 0 0 0 0 0 192 0 0 192 0 0 0 0 0 0 0 0 0 0 0 0 0 0 0 0 0 0 0 0 0 0 0 0 0 0
max1=448,x=1,y=1
max2=0,x=7,y=7
max3=0,x=0,y=0
当前是第9号数组滤镜64*10|| 64*9 640 576
0 0 0 0 0 0 0 0
0 0 0 0 0 0 0 0
0 0 8 8 8 8 0 0
0 0 8 0 0 8 0 0
0 0 8 0 0 8 0 0
0 0 8 0 0 8 0 0
0 0 0 0 0 0 0 0
0 0 0 0 0 0 0 0
dayindot
0 0 0 0 0 0 0 0 0 0 0 0 0 64 64 64 128 64 0 0 0 0 0 0 0 0 0 0 0 0 0 0 0 0 0 0 0 192 0 0 192 0 0 0 0 0 0 0 0 0 0 0 0 0 0 64
0 0 0 0 64 64 64 128 64 64 64 0 0 64 64 64 64 0 0 0 0 0 0 0 0 0 0 0 0 0 0 0 0 0 0 0 0 256 128 128 320 64 64 64 0 0 0 0 0 0 0 0 0 0 0 64
0 0 0 0 128 64 64 192 64 64 64 0 0 0 0 0 0 0 0 0 0 0 0 0 0 0 0 0 0 0 0 0 0 0 0 0 0 192 128 128 256 64 64 64 0 0 0 0 0 0 0 0 0 0 0 64
0 0 0 0 192 64 64 256 64 64 64 0 0 0 0 0 0 0 0 0 0 0 0 64 64 64 128 64 64 64 0 0 0 0 0 0 0 128 128 128 192 64 64 64 0 0 0 0 0 0 0 0 0 0 0 0
0 0 0 0 256 128 192 448 192 128 64 0 0 0 0 0 0 0 0 0 0 0 0 64 64 64 192 64 64 128 0 0 0 0 0 0 0 64 128 192 256 192 128 64 0 0 0 0 0 0 0 0 0 0 0 0
0 0 0 0 192 64 64 192 0 0 0 0 0 0 0 0 0 0 0 0 0 0 0 64 64 64 256 64 64 192 0 0 0 0 0 0 0 0 0 0 0 0 0 0 0 0 0 0 0 0 0 0 0 0 0 0
0 0 0 0 128 64 64 128 0 0 0 0 0 0 0 0 0 0 0 0 0 0 0 64 128 192 448 192 128 256 0 0 0 0 0 0 0 0 0 0 0 0 0 0 0 0 0 0 0 0 0 0 0 0 0 0
0 0 0 0 64 64 64 64 0 0 0 0 0 0 0 0 0 0 0 0 0 0 0 0 0 0 192 64 64 192 0 0 0 0 0 0 0 0 0 0 0 0 0 0 0 0 0 0 0 0 0 0 0 0 0 0
max1=448,x=6,y=6
max2=0,x=7,y=7
max3=0,x=0,y=0
------------------------------------------------------
本次为第1次循环
本次循环number=6771
shot第0次循环产生的坐标为(5,4),块号为6
shot第1次循环产生的坐标为(21,5),块号为7
shot第2次循环产生的坐标为(29,7),块号为7
shot第3次循环产生的坐标为(41,5),块号为1
未加入噪音的photo=
0 0 0 0 0 0 0 0 0 0 0 0 0 0 0 0 0 0 0 0 0 0 0 0 0 0 0 0 0 0 0 0 0 0 0 0 0 0 0 0 0 0 0 0 0 0 0 0 0 0 0 0 0 0 0 0 0 0 0 0 0 0 0 0
0 0 0 0 0 0 0 0 0 0 0 0 0 0 0 0 0 0 0 0 0 0 0 0 0 0 0 0 0 0 0 0 0 0 0 0 0 0 0 0 0 0 0 0 0 0 0 0 0 0 0 0 0 0 0 0 0 0 0 0 0 0 0 0
0 0 0 0 0 0 0 0 0 0 0 0 0 0 0 0 0 0 0 0 0 0 0 0 0 0 0 0 0 0 0 0 0 0 0 0 0 0 0 0 0 0 0 0 0 0 0 0 0 0 0 0 0 0 0 0 0 0 0 0 0 0 0 0
0 0 0 0 0 0 0 0 0 0 0 0 0 0 0 0 0 0 0 0 0 0 0 0 0 0 0 0 0 0 0 0 0 0 0 0 0 0 0 0 0 0 0 0 0 0 0 0 0 0 0 0 0 0 0 0 0 0 0 0 0 0 0 0
0 0 0 0 0 8 8 8 8 0 0 0 0 0 0 0 0 0 0 0 0 0 0 0 0 0 0 0 0 0 0 0 0 0 0 0 0 0 0 0 0 0 0 0 0 0 0 0 0 0 0 0 0 0 0 0 0 0 0 0 0 0 0 0
0 0 0 0 0 0 0 0 8 0 0 0 0 0 0 0 0 0 0 0 0 0 0 0 0 0 0 0 0 0 0 0 0 0 0 0 0 0 0 0 0 0 0 0 0 8 8 8 8 0 0 0 0 0 0 0 0 0 0 0 0 0 0 0
0 0 0 0 0 0 0 0 8 0 0 0 0 0 0 0 0 0 0 0 0 0 0 0 0 0 0 0 0 0 0 0 0 0 0 0 0 0 0 0 0 0 0 0 0 8 0 0 0 0 0 0 0 0 0 0 0 0 0 0 0 0 0 0
0 0 0 0 0 0 0 0 8 0 0 0 0 0 0 0 0 0 0 0 0 0 0 0 0 0 0 0 0 0 0 0 0 0 0 0 0 0 0 0 0 0 0 0 0 8 0 0 0 0 0 0 0 0 0 0 0 0 0 0 0 0 0 0
0 0 0 0 0 0 0 0 8 0 0 0 0 0 0 0 0 0 0 0 0 0 0 0 0 0 0 0 0 0 0 0 0 0 0 0 0 0 0 0 0 0 0 0 0 8 0 0 0 0 0 0 0 0 0 0 0 0 0 0 0 0 0 0
0 0 0 0 0 0 0 0 8 0 0 0 0 0 0 0 0 0 0 0 0 0 0 0 8 0 0 0 0 0 0 0 0 0 0 0 0 0 0 0 0 0 0 0 0 8 0 0 0 0 0 0 0 0 0 0 0 0 0 0 0 0 0 0
0 0 0 0 0 0 0 0 8 0 0 0 0 0 0 0 0 0 0 0 0 0 0 0 8 0 0 0 0 0 0 0 0 0 0 0 0 0 0 0 0 0 0 0 0 8 0 0 0 0 0 0 0 0 0 0 0 0 0 0 0 0 0 0
0 0 0 0 0 8 8 8 8 0 0 0 0 0 0 0 0 0 0 0 0 0 0 0 8 0 0 0 0 0 0 0 8 0 0 0 0 0 0 0 0 0 0 0 0 8 0 0 0 0 0 0 0 0 0 0 0 0 0 0 0 0 0 0
0 0 0 0 0 0 0 0 0 0 0 0 0 0 0 0 0 0 0 0 0 8 8 8 8 0 0 0 0 0 0 0 8 0 0 0 0 0 0 0 0 0 0 0 0 8 0 0 0 0 0 0 0 0 0 0 0 0 0 0 0 0 0 0
0 0 0 0 0 0 0 0 0 0 0 0 0 0 0 0 0 0 0 0 0 0 0 0 0 0 0 0 0 0 0 0 8 0 0 0 0 0 0 0 0 0 0 0 0 0 0 0 0 0 0 0 0 0 0 0 0 0 0 0 0 0 0 0
0 0 0 0 0 0 0 0 0 0 0 0 0 0 0 0 0 0 0 0 0 0 0 0 0 0 0 0 0 8 8 8 8 0 0 0 0 0 0 0 0 0 0 0 0 0 0 0 0 0 0 0 0 0 0 0 0 0 0 0 0 0 0 0
0 0 0 0 0 0 0 0 0 0 0 0 0 0 0 0 0 0 0 0 0 0 0 0 0 0 0 0 0 0 0 0 0 0 0 0 0 0 0 0 0 0 0 0 0 0 0 0 0 0 0 0 0 0 0 0 0 0 0 0 0 0 0 0
--------------------------------------------------------------------------------------------------------------------------------
加入噪音的photo=
0 0 0 0 0 0 0 0 0 0 0 0 0 0 0 0 8 0 0 0 0 0 0 0 0 0 0 0 8 0 0 8 8 0 8 0 0 8 0 0 0 0 0 0 0 0 0 0 8 0 0 8 0 0 0 0 8 8 0 0 0 8 0 0
0 0 0 0 0 0 0 0 0 0 0 0 0 0 0 0 0 0 0 0 8 0 0 0 0 0 0 0 0 0 0 0 0 0 0 0 0 0 0 0 0 8 0 0 0 0 0 0 0 0 0 0 0 0 0 0 0 0 0 0 0 0 0 0
0 0 0 0 0 0 0 0 0 0 0 0 0 0 0 0 0 0 0 0 0 8 0 0 0 0 0 0 0 0 0 0 0 0 0 0 0 0 0 0 0 0 0 0 0 0 0 0 0 0 0 8 0 0 0 0 0 0 0 0 0 0 0 0
0 0 0 0 0 0 0 0 0 0 0 0 0 0 0 0 0 0 8 0 0 8 0 0 0 0 8 0 0 0 0 0 0 0 0 0 0 0 0 0 0 0 0 0 0 0 8 0 0 0 0 0 0 0 0 0 0 0 8 0 0 0 0 0
8 0 0 0 8 8 8 8 8 0 0 0 0 8 0 0 0 0 0 0 0 0 0 8 0 0 0 0 8 0 8 0 0 0 0 0 0 0 0 0 0 0 0 0 0 0 0 0 0 0 8 0 0 0 0 0 0 0 0 0 0 0 0 0
0 0 8 0 8 0 0 0 8 0 0 0 0 0 0 0 8 0 0 0 8 0 0 0 0 0 0 0 0 0 0 0 0 0 0 0 0 0 0 0 0 0 0 0 0 8 8 8 8 0 0 0 0 0 0 0 0 0 0 0 0 0 0 0
0 0 8 0 0 8 0 0 8 0 0 0 0 8 8 0 8 0 0 0 0 0 0 8 0 0 0 0 0 0 0 0 0 8 0 0 8 0 0 0 0 8 8 8 0 8 0 8 0 0 0 8 0 8 8 0 0 0 0 0 8 0 0 0
0 0 0 0 0 0 0 0 8 8 0 0 8 0 0 8 0 0 0 0 0 0 0 0 0 0 0 0 0 0 0 0 0 0 0 0 8 0 0 0 0 0 0 0 0 0 0 0 8 0 0 0 0 0 0 0 0 0 0 0 0 0 0 0
8 0 0 0 0 0 0 0 8 0 0 0 0 0 0 0 0 8 0 0 0 8 8 0 0 0 0 0 0 0 0 0 0 0 0 8 0 0 0 0 0 0 0 0 0 8 0 0 0 0 0 0 0 0 8 0 0 0 0 0 0 0 0 8
0 0 0 8 0 0 0 0 8 0 0 8 0 0 0 0 0 0 0 0 0 0 0 0 0 0 0 0 0 0 0 0 0 0 0 0 0 0 0 0 0 0 8 0 0 8 8 0 0 0 0 0 0 0 0 8 0 8 0 0 0 0 8 0
0 0 0 0 0 0 0 0 8 8 0 0 0 0 0 0 0 0 0 0 0 8 0 0 8 0 0 0 0 0 0 0 0 0 0 0 0 0 0 0 0 0 0 0 0 8 0 0 0 8 0 0 0 8 0 0 0 0 0 8 8 0 0 0
0 0 8 0 0 8 8 8 8 0 0 0 0 0 0 0 0 0 0 0 0 8 0 0 8 0 0 8 0 0 0 0 8 0 8 0 0 0 0 0 0 0 0 0 0 8 0 0 0 0 0 0 0 0 0 0 0 0 0 0 8 0 0 0
0 0 0 0 0 0 0 8 0 0 0 8 8 0 0 0 0 0 0 0 0 8 8 8 8 0 0 0 0 0 0 8 8 0 0 0 0 0 0 0 0 0 0 0 0 8 0 8 0 0 0 8 0 0 0 0 0 0 8 0 0 0 0 0
0 0 0 0 0 0 0 0 0 0 0 8 0 0 0 0 0 0 0 0 0 0 0 8 0 8 0 0 0 0 0 8 8 0 0 0 0 0 0 0 8 0 0 0 0 0 0 0 0 0 0 0 0 0 0 8 0 0 0 0 0 0 8 0
0 0 0 0 0 0 0 0 0 8 0 8 0 0 0 0 0 0 0 0 0 0 0 0 0 0 0 0 0 8 8 8 8 0 8 0 0 8 0 0 0 0 0 0 0 0 0 0 0 0 0 8 0 0 0 0 8 0 0 8 0 0 8 8
0 0 0 0 0 0 0 0 0 0 0 0 0 0 0 8 0 0 0 0 0 0 0 0 0 0 8 0 0 0 0 0 0 0 0 0 0 0 8 0 0 0 0 0 0 0 0 0 0 0 0 0 0 0 8 0 0 0 0 0 0 0 0 0
--------------------------------------------------------------------------------------------------------------------------------
降噪后的photo=
0 0 0 0 0 0 0 0 0 0 0 0 0 0 0 0 0 0 0 0 0 0 0 0 0 0 0 0 0 0 0 0 0 0 0 0 0 0 0 0 0 0 0 0 0 0 0 0 0 0 0 0 0 0 0 0 0 0 0 0 0 0 0 0
0 0 0 0 0 0 0 0 0 0 0 0 0 0 0 0 0 0 0 0 0 0 0 0 0 0 0 0 0 0 0 0 0 0 0 0 0 0 0 0 0 0 0 0 0 0 0 0 0 0 0 0 0 0 0 0 0 0 0 0 0 0 0 0
0 0 0 0 0 0 0 0 0 0 0 0 0 0 0 0 0 0 0 0 0 0 0 0 0 0 0 0 0 0 0 0 0 0 0 0 0 0 0 0 0 0 0 0 0 0 0 0 0 0 0 0 0 0 0 0 0 0 0 0 0 0 0 0
0 0 0 0 0 0 0 0 0 0 0 0 0 0 0 0 0 0 0 0 0 0 0 0 0 0 0 0 0 0 0 0 0 0 0 0 0 0 0 0 0 0 0 0 0 0 0 0 0 0 0 0 0 0 0 0 0 0 0 0 0 0 0 0
0 0 0 0 8 8 8 8 8 0 0 0 0 0 0 0 0 0 0 0 0 0 0 0 0 0 0 0 0 0 0 0 0 0 0 0 0 0 0 0 0 0 0 0 0 0 0 0 0 0 0 0 0 0 0 0 0 0 0 0 0 0 0 0
0 0 0 0 0 0 0 0 8 0 0 0 0 0 0 0 0 0 0 0 0 0 0 0 0 0 0 0 0 0 0 0 0 0 0 0 0 0 0 0 0 0 0 0 0 8 8 8 8 0 0 0 0 0 0 0 0 0 0 0 0 0 0 0
0 0 0 0 0 0 0 0 8 0 0 0 0 0 0 0 0 0 0 0 0 0 0 0 0 0 0 0 0 0 0 0 0 0 0 0 0 0 0 0 0 8 0 0 0 0 0 0 0 0 0 0 0 0 0 0 0 0 0 0 0 0 0 0
0 0 0 0 0 0 0 0 8 0 0 0 0 0 0 0 0 0 0 0 0 0 0 0 0 0 0 0 0 0 0 0 0 0 0 0 0 0 0 0 0 0 0 0 0 0 0 0 0 0 0 0 0 0 0 0 0 0 0 0 0 0 0 0
0 0 0 0 0 0 0 0 8 0 0 0 0 0 0 0 0 0 0 0 0 0 0 0 0 0 0 0 0 0 0 0 0 0 0 0 0 0 0 0 0 0 0 0 0 8 0 0 0 0 0 0 0 0 0 0 0 0 0 0 0 0 0 0
0 0 0 0 0 0 0 0 8 0 0 0 0 0 0 0 0 0 0 0 0 0 0 0 0 0 0 0 0 0 0 0 0 0 0 0 0 0 0 0 0 0 0 0 0 8 0 0 0 0 0 0 0 0 0 0 0 0 0 0 0 0 0 0
0 0 0 0 0 0 0 0 8 0 0 0 0 0 0 0 0 0 0 0 0 8 0 0 8 0 0 0 0 0 0 0 0 0 0 0 0 0 0 0 0 0 0 0 0 8 0 0 0 0 0 0 0 0 0 0 0 0 0 0 0 0 0 0
0 0 0 0 0 8 8 8 8 0 0 0 0 0 0 0 0 0 0 0 0 0 0 0 0 0 0 0 0 0 0 0 8 0 0 0 0 0 0 0 0 0 0 0 0 8 0 0 0 0 0 0 0 0 0 0 0 0 0 0 0 0 0 0
0 0 0 0 0 0 0 0 0 0 0 8 0 0 0 0 0 0 0 0 0 8 8 8 8 0 0 0 0 0 0 8 8 0 0 0 0 0 0 0 0 0 0 0 0 8 0 0 0 0 0 0 0 0 0 0 0 0 0 0 0 0 0 0
0 0 0 0 0 0 0 0 0 0 0 0 0 0 0 0 0 0 0 0 0 0 0 0 0 0 0 0 0 0 0 0 8 0 0 0 0 0 0 0 0 0 0 0 0 0 0 0 0 0 0 0 0 0 0 0 0 0 0 0 0 0 0 0
0 0 0 0 0 0 0 0 0 0 0 0 0 0 0 0 0 0 0 0 0 0 0 0 0 0 0 0 0 8 8 8 8 0 0 0 0 0 0 0 0 0 0 0 0 0 0 0 0 0 0 0 0 0 0 0 0 0 0 0 0 0 0 0
0 0 0 0 0 0 0 0 0 0 0 0 0 0 0 0 0 0 0 0 0 0 0 0 0 0 0 0 0 0 0 0 0 0 0 0 0 0 0 0 0 0 0 0 0 0 0 0 0 0 0 0 0 0 0 0 0 0 0 0 0 0 0 0
当前是第0号数组滤镜
0 0 0 0 8 8 8 8
0 0 0 0 8 0 0 0
0 0 0 0 8 0 0 0
0 0 0 0 8 0 0 0
0 0 0 0 0 0 0 0
0 0 0 0 0 0 0 0
0 0 0 0 0 0 0 0
0 0 0 0 0 0 0 0
dayindot
0 0 0 0 0 0 0 0 0 0 0 0 0 0 0 0 0 0 0 0 0 0 0 0 0 0 0 0 0 0 0 0 0 0 0 0 0 0 0 0 0 0 0 0 0 0 0 0 0 0 0 0 0 0 0 0
64 64 64 64 64 0 0 0 0 0 0 0 0 0 0 0 0 0 0 0 0 0 0 0 0 0 0 0 0 0 0 0 0 0 0 0 0 0 0 0 0 0 0 0 0 0 0 0 0 0 0 0 0 0 0 0
64 64 64 64 128 0 0 0 0 0 0 0 0 0 0 0 0 0 0 0 0 0 0 0 0 0 0 0 0 0 0 0 0 0 0 0 0 0 0 0 0 64 64 64 64 0 0 0 0 0 0 0 0 0 0 0
64 64 64 64 192 0 0 0 0 0 0 0 0 0 0 0 0 0 0 0 0 0 0 0 0 0 0 0 0 0 0 0 0 0 0 0 0 64 0 0 0 64 64 64 64 0 0 0 0 0 0 0 0 0 0 0
256 256 192 128 256 0 0 0 0 0 0 0 0 0 0 0 0 0 0 0 0 0 0 0 0 0 0 0 0 0 0 0 0 0 0 0 0 64 0 0 0 64 64 64 64 0 0 0 0 0 0 0 0 0 0 0
0 64 64 64 256 0 0 0 0 0 0 0 0 0 0 0 0 0 0 0 0 0 0 0 0 0 0 0 0 0 0 0 0 0 0 0 0 64 64 128 192 320 192 128 64 0 0 0 0 0 0 0 0 0 0 0
0 64 64 64 256 0 0 0 0 0 0 0 0 0 0 0 0 0 0 0 0 0 0 0 0 0 0 0 0 0 0 0 0 0 64 64 64 64 0 0 0 128 0 0 0 0 0 0 0 0 0 0 0 0 0 0
0 64 64 64 256 0 0 0 0 0 0 0 0 0 0 0 0 64 0 0 64 0 0 0 0 0 0 0 0 0 0 0 0 0 0 0 0 0 0 0 0 192 0 0 0 0 0 0 0 0 0 0 0 0 0 0
max1=320,x=5,y=5
max2=0,x=7,y=7
max3=0,x=0,y=0
当前是第1号数组滤镜
0 0 0 0 8 8 8 8
0 0 0 0 8 0 0 0
0 0 0 0 8 0 0 0
0 0 0 0 8 0 0 0
0 0 0 0 8 0 0 0
0 0 0 0 8 0 0 0
0 0 0 0 8 0 0 0
0 0 0 0 8 0 0 0
dayindot
64 64 64 64 256 0 0 0 0 0 0 0 0 0 0 0 0 0 0 0 0 0 0 0 0 0 0 0 0 0 0 0 0 0 0 0 0 64 0 0 0 64 64 64 64 0 0 0 0 0 0 0 0 0 0 0
64 64 64 64 320 0 0 0 0 0 0 0 0 0 0 0 0 0 0 0 0 0 0 0 0 0 0 0 0 0 0 0 0 0 0 0 0 64 0 0 0 128 64 64 64 0 0 0 0 0 0 0 0 0 0 0
64 64 64 64 384 0 0 0 0 0 0 0 0 0 0 0 0 0 0 0 0 0 0 0 0 0 0 0 0 0 0 0 0 0 0 0 0 64 0 0 0 192 64 64 64 0 0 0 0 0 0 0 0 0 0 0
64 64 64 64 448 0 0 0 0 0 0 0 0 0 0 0 0 64 0 0 64 0 0 0 0 0 0 0 0 0 0 0 0 0 0 0 0 64 0 0 0 256 64 64 64 0 0 0 0 0 0 0 0 0 0 0
256 320 256 192 512 0 0 0 0 0 0 0 0 0 0 0 0 64 0 0 64 0 0 0 0 0 0 0 64 0 0 0 0 0 0 0 0 64 0 0 0 320 64 64 64 0 0 0 0 0 0 0 0 0 0 0
0 128 128 128 448 0 0 64 0 0 0 0 0 0 0 0 0 128 64 64 128 0 0 0 0 0 0 64 128 0 0 0 0 0 0 0 0 64 64 128 192 576 192 128 64 0 0 0 0 0 0 0 0 0 0 0
0 128 128 128 384 0 0 64 0 0 0 0 0 0 0 0 0 128 64 64 128 0 0 0 0 0 0 64 192 0 0 0 0 0 64 64 64 64 0 0 0 320 0 0 0 0 0 0 0 0 0 0 0 0 0 0
0 128 128 128 320 0 0 64 0 0 0 0 0 0 0 0 0 128 64 64 128 0 0 0 0 64 64 128 256 0 0 0 0 0 0 0 0 0 0 0 0 320 0 0 0 0 0 0 0 0 0 0 0 0 0 0
max1=576,x=5,y=5
max2=0,x=7,y=7
max3=64,x=0,y=0
当前是第2号数组滤镜
0 0 0 0 8 8 8 8
0 0 0 0 8 0 0 0
0 0 0 0 8 0 0 0
0 0 0 0 8 0 0 0
0 0 0 0 8 0 0 0
0 0 0 0 8 0 0 0
0 0 0 0 8 0 0 0
0 0 0 0 8 8 8 8
dayindot
64 128 128 128 256 0 0 0 0 0 0 0 0 0 0 0 0 0 0 0 0 0 0 0 0 0 0 0 0 0 0 0 0 0 0 0 0 64 0 0 0 64 64 64 64 0 0 0 0 0 0 0 0 0 0 0
64 128 128 128 320 0 0 0 0 0 0 0 0 0 0 0 0 0 0 0 0 0 0 0 0 0 0 0 0 0 0 0 0 0 0 0 0 64 64 64 64 128 64 64 64 0 0 0 0 0 0 0 0 0 0 0
64 128 128 128 384 0 0 0 0 0 0 0 0 0 0 0 0 0 0 0 0 0 0 0 0 0 0 0 0 0 0 0 0 0 0 0 0 64 64 64 64 192 64 64 64 0 0 0 0 0 0 0 0 0 0 0
64 128 128 128 448 0 0 0 0 0 0 0 0 0 64 64 64 128 64 64 64 0 0 0 0 0 0 0 0 0 0 0 0 0 0 0 0 64 64 64 64 256 64 64 64 0 0 0 0 0 0 0 0 0 0 0
448 512 384 256 512 0 0 0 0 0 0 0 0 0 0 0 0 64 0 0 64 0 0 0 0 64 64 64 64 0 0 0 0 0 0 0 0 64 64 64 64 320 64 64 64 0 0 0 0 0 0 0 0 0 0 0
0 128 128 128 512 64 64 64 0 0 0 0 0 0 64 128 192 320 192 128 128 0 0 0 64 128 128 128 128 0 0 0 0 0 0 0 0 64 128 192 256 576 192 128 64 0 0 0 0 0 0 0 0 0 0 0
0 128 128 128 384 0 0 64 0 0 0 0 0 0 0 0 0 128 64 64 128 0 0 0 0 64 64 128 192 0 0 0 0 0 64 64 64 64 0 0 0 320 0 0 0 0 0 0 0 0 0 0 0 0 0 0
0 128 128 128 320 0 0 64 0 0 0 0 0 0 0 0 0 128 64 64 128 0 64 128 192 256 192 192 256 0 0 0 0 0 0 0 0 0 0 0 0 320 0 0 0 0 0 0 0 0 0 0 0 0 0 0
max1=576,x=5,y=5
max2=0,x=7,y=7
max3=64,x=0,y=0
当前是第3号数组滤镜
0 0 0 0 0 0 0 0
0 0 0 0 0 0 0 0
0 0 0 0 0 0 0 0
0 0 0 0 0 0 0 0
0 0 0 0 8 0 0 0
0 0 0 0 8 0 0 0
0 0 0 0 8 0 0 0
0 0 0 0 8 8 8 8
dayindot
64 128 128 128 256 0 0 0 0 0 0 0 0 0 0 0 0 0 0 0 0 0 0 0 0 0 0 0 0 0 0 0 0 0 0 0 0 64 0 0 0 64 64 64 64 0 0 0 0 0 0 0 0 0 0 0
0 64 64 64 256 0 0 0 0 0 0 0 0 0 0 0 0 0 0 0 0 0 0 0 0 0 0 0 0 0 0 0 0 0 0 0 0 64 64 64 64 128 64 64 64 0 0 0 0 0 0 0 0 0 0 0
0 64 64 64 256 0 0 0 0 0 0 0 0 0 0 0 0 0 0 0 0 0 0 0 0 0 0 0 0 0 0 0 0 0 0 0 0 64 64 64 64 128 0 0 0 0 0 0 0 0 0 0 0 0 0 0
0 64 64 64 256 0 0 0 0 0 0 0 0 0 64 64 64 128 64 64 64 0 0 0 0 0 0 0 0 0 0 0 0 0 0 0 0 0 64 64 64 192 0 0 0 0 0 0 0 0 0 0 0 0 0 0
192 256 192 128 256 0 0 0 0 0 0 0 0 0 0 0 0 64 0 0 64 0 0 0 0 64 64 64 64 0 0 0 0 0 0 0 0 0 64 64 64 256 0 0 0 0 0 0 0 0 0 0 0 0 0 0
0 64 64 64 256 64 64 64 0 0 0 0 0 0 64 128 192 320 192 128 128 0 0 0 64 128 128 128 128 0 0 0 0 0 0 0 0 0 64 64 64 256 0 0 0 0 0 0 0 0 0 0 0 0 0 0
0 64 64 64 128 0 0 64 0 0 0 0 0 0 0 0 0 128 64 64 128 0 0 0 0 64 64 128 192 0 0 0 0 0 0 0 0 0 0 0 0 192 0 0 0 0 0 0 0 0 0 0 0 0 0 0
0 64 64 64 64 0 0 64 0 0 0 0 0 0 0 0 0 64 64 64 64 0 64 128 192 256 192 192 256 0 0 0 0 0 0 0 0 0 0 0 0 128 0 0 0 0 0 0 0 0 0 0 0 0 0 0
max1=320,x=5,y=5
max2=0,x=7,y=7
max3=64,x=0,y=0
当前是第4号数组滤镜
8 8 8 8 0 0 0 0
0 0 0 8 0 0 0 0
0 0 0 8 0 0 0 0
0 0 0 8 0 0 0 0
0 0 0 0 0 0 0 0
0 0 0 0 0 0 0 0
0 0 0 0 0 0 0 0
0 0 0 0 0 0 0 0
dayindot
0 0 0 0 0 0 0 0 0 0 0 0 0 0 0 0 0 0 0 0 0 0 0 0 0 0 0 0 0 0 0 0 0 0 0 0 0 0 0 0 0 0 0 0 0 0 0 0 0 0 0 0 0 0 0 0
0 64 64 64 64 64 0 0 0 0 0 0 0 0 0 0 0 0 0 0 0 0 0 0 0 0 0 0 0 0 0 0 0 0 0 0 0 0 0 0 0 0 0 0 0 0 0 0 0 0 0 0 0 0 0 0
0 64 64 64 64 128 0 0 0 0 0 0 0 0 0 0 0 0 0 0 0 0 0 0 0 0 0 0 0 0 0 0 0 0 0 0 0 0 0 0 0 0 64 64 64 64 0 0 0 0 0 0 0 0 0 0
0 64 64 64 64 192 0 0 0 0 0 0 0 0 0 0 0 0 0 0 0 0 0 0 0 0 0 0 0 0 0 0 0 0 0 0 0 0 64 0 0 0 64 64 64 64 0 0 0 0 0 0 0 0 0 0
0 64 128 192 256 448 192 128 64 0 0 0 0 0 0 0 0 0 0 0 0 0 0 0 0 0 0 0 0 0 0 0 0 0 0 0 0 0 64 0 0 0 64 64 64 64 0 0 0 0 0 0 0 0 0 0
0 0 0 0 0 256 64 64 64 0 0 0 0 0 0 0 0 0 0 0 0 0 0 0 0 0 0 0 0 0 0 0 0 0 0 0 0 0 64 0 0 0 128 128 192 256 192 128 64 0 0 0 0 0 0 0
0 0 0 0 0 256 64 64 64 0 0 0 0 0 0 0 0 0 0 0 0 0 0 0 0 0 0 0 0 0 0 0 0 0 0 0 0 0 64 64 64 64 128 0 0 0 0 0 0 0 0 0 0 0 0 0
0 0 0 0 0 256 64 64 64 0 0 0 0 0 0 0 0 0 64 0 0 64 0 0 0 0 0 0 0 0 0 0 0 0 0 0 0 0 0 0 0 0 192 0 0 0 0 0 0 0 0 0 0 0 0 0
max1=448,x=4,y=4
max2=0,x=7,y=7
max3=0,x=0,y=0
当前是第5号数组滤镜
8 8 8 8 0 0 0 0
0 0 0 8 0 0 0 0
0 0 0 8 0 0 0 0
0 0 0 8 0 0 0 0
0 0 0 8 0 0 0 0
0 0 0 8 0 0 0 0
0 0 0 8 0 0 0 0
0 0 0 8 0 0 0 0
dayindot
0 64 64 64 64 256 0 0 0 0 0 0 0 0 0 0 0 0 0 0 0 0 0 0 0 0 0 0 0 0 0 0 0 0 0 0 0 0 64 0 0 0 64 64 64 64 0 0 0 0 0 0 0 0 0 0
0 64 64 64 64 320 0 0 0 0 0 0 0 0 0 0 0 0 0 0 0 0 0 0 0 0 0 0 0 0 0 0 0 0 0 0 0 0 64 0 0 0 128 64 64 64 0 0 0 0 0 0 0 0 0 0
0 64 64 64 64 384 0 0 0 0 0 0 0 0 0 0 0 0 0 0 0 0 0 0 0 0 0 0 0 0 0 0 0 0 0 0 0 0 64 0 0 0 192 64 64 64 0 0 0 0 0 0 0 0 0 0
0 64 64 64 64 448 0 0 0 0 0 0 0 0 0 0 0 0 64 0 0 64 0 0 0 0 0 0 0 0 0 0 0 0 0 0 0 0 64 0 0 0 256 64 64 64 0 0 0 0 0 0 0 0 0 0
0 64 192 256 320 704 192 128 64 0 0 0 0 0 0 0 0 0 64 0 0 64 0 0 0 0 0 0 0 64 0 0 0 0 0 0 0 0 64 0 0 0 320 64 64 64 0 0 0 0 0 0 0 0 0 0
0 0 64 64 64 448 64 64 128 0 0 0 0 0 0 0 0 0 128 64 64 128 0 0 0 0 0 0 64 128 0 0 0 0 0 0 0 0 64 0 0 0 384 128 192 256 192 128 64 0 0 0 0 0 0 0
0 0 64 64 64 384 64 64 128 0 0 0 0 0 0 0 0 0 128 64 64 128 0 0 0 0 0 0 64 192 0 0 0 0 0 0 0 0 64 64 64 64 320 0 0 0 0 0 0 0 0 0 0 0 0 0
0 0 64 64 64 320 64 64 128 0 0 0 0 0 0 0 0 0 128 64 64 128 0 0 0 0 64 64 128 256 0 0 0 0 0 0 0 0 0 0 0 0 320 0 0 0 0 0 0 0 0 0 0 0 0 0
max1=704,x=4,y=4
max2=0,x=7,y=7
max3=0,x=0,y=0
当前是第6号数组滤镜
8 8 8 8 0 0 0 0
0 0 0 8 0 0 0 0
0 0 0 8 0 0 0 0
0 0 0 8 0 0 0 0
0 0 0 8 0 0 0 0
0 0 0 8 0 0 0 0
0 0 0 8 0 0 0 0
8 8 8 8 0 0 0 0
dayindot
0 64 64 64 64 256 64 64 64 0 0 0 0 0 0 0 0 0 0 0 0 0 0 0 0 0 0 0 0 0 0 0 0 0 0 0 0 0 64 0 0 0 64 64 64 64 0 0 0 0 0 0 0 0 0 0
0 64 64 64 64 320 64 64 64 0 0 0 0 0 0 0 0 0 0 0 0 0 0 0 0 0 0 0 0 0 0 0 0 0 0 0 0 0 64 0 0 0 128 128 128 128 0 0 0 0 0 0 0 0 0 0
0 64 64 64 64 384 64 64 64 0 0 0 0 0 0 0 0 0 0 0 0 0 0 0 0 0 0 0 0 0 0 0 0 0 0 0 0 0 64 0 0 0 192 128 128 128 0 0 0 0 0 0 0 0 0 0
0 64 64 64 64 448 64 64 64 0 0 0 0 0 0 0 0 0 64 64 64 128 64 64 64 0 0 0 0 0 0 0 0 0 0 0 0 0 64 0 0 0 256 128 128 128 0 0 0 0 0 0 0 0 0 0
0 64 192 320 448 896 384 256 128 0 0 0 0 0 0 0 0 0 64 0 0 64 0 0 0 0 0 0 0 64 64 64 64 0 0 0 0 0 64 0 0 0 320 128 128 128 0 0 0 0 0 0 0 0 0 0
0 0 64 64 64 448 64 64 128 64 64 64 0 0 0 0 0 0 128 128 192 320 192 128 64 0 0 0 64 192 128 128 64 0 0 0 0 0 64 0 0 0 384 192 256 320 192 128 64 0 0 0 0 0 0 0
0 0 64 64 64 384 64 64 128 0 0 0 0 0 0 0 0 0 128 64 64 128 0 0 0 0 0 0 64 192 64 64 64 0 0 0 0 0 64 64 64 64 320 0 0 0 0 0 0 0 0 0 0 0 0 0
0 0 64 64 64 320 64 64 128 0 0 0 0 0 0 0 0 0 128 64 64 128 0 0 0 0 64 128 256 448 192 128 64 0 0 0 0 0 0 0 0 0 320 0 0 0 0 0 0 0 0 0 0 0 0 0
max1=896,x=4,y=4
max2=0,x=7,y=7
max3=0,x=0,y=0
当前是第7号数组滤镜
0 0 0 0 0 0 0 0
0 0 0 0 0 0 0 0
0 0 0 0 0 0 0 0
0 0 0 0 0 0 0 0
0 0 0 8 0 0 0 0
0 0 0 8 0 0 0 0
0 0 0 8 0 0 0 0
8 8 8 8 0 0 0 0
dayindot
0 64 64 64 64 256 64 64 64 0 0 0 0 0 0 0 0 0 0 0 0 0 0 0 0 0 0 0 0 0 0 0 0 0 0 0 0 0 64 0 0 0 64 64 64 64 0 0 0 0 0 0 0 0 0 0
0 0 0 0 0 256 64 64 64 0 0 0 0 0 0 0 0 0 0 0 0 0 0 0 0 0 0 0 0 0 0 0 0 0 0 0 0 0 64 0 0 0 128 128 128 128 0 0 0 0 0 0 0 0 0 0
0 0 0 0 0 256 64 64 64 0 0 0 0 0 0 0 0 0 0 0 0 0 0 0 0 0 0 0 0 0 0 0 0 0 0 0 0 0 64 0 0 0 128 64 64 64 0 0 0 0 0 0 0 0 0 0
0 0 0 0 0 256 64 64 64 0 0 0 0 0 0 0 0 0 64 64 64 128 64 64 64 0 0 0 0 0 0 0 0 0 0 0 0 0 0 0 0 0 192 64 64 64 0 0 0 0 0 0 0 0 0 0
0 0 64 128 192 448 192 128 64 0 0 0 0 0 0 0 0 0 64 0 0 64 0 0 0 0 0 0 0 64 64 64 64 0 0 0 0 0 0 0 0 0 256 64 64 64 0 0 0 0 0 0 0 0 0 0
0 0 64 64 64 192 0 0 64 64 64 64 0 0 0 0 0 0 128 128 192 320 192 128 64 0 0 0 64 192 128 128 64 0 0 0 0 0 0 0 0 0 256 64 64 64 0 0 0 0 0 0 0 0 0 0
0 0 64 64 64 128 0 0 64 0 0 0 0 0 0 0 0 0 128 64 64 128 0 0 0 0 0 0 64 192 64 64 64 0 0 0 0 0 0 0 0 0 192 0 0 0 0 0 0 0 0 0 0 0 0 0
0 0 64 64 64 64 0 0 64 0 0 0 0 0 0 0 0 0 64 64 64 64 0 0 0 0 64 128 256 448 192 128 64 0 0 0 0 0 0 0 0 0 128 0 0 0 0 0 0 0 0 0 0 0 0 0
max1=448,x=7,y=7
max2=0,x=7,y=7
max3=0,x=0,y=0
当前是第8号数组滤镜
0 0 0 0 0 0 0 0
0 0 0 0 0 0 0 0
0 0 8 0 0 8 0 0
0 0 8 0 0 8 0 0
0 0 8 0 0 8 0 0
0 0 8 8 8 8 0 0
0 0 0 0 0 0 0 0
0 0 0 0 0 0 0 0
dayindot
64 64 128 192 128 128 128 0 0 0 0 0 0 0 0 0 0 0 0 0 0 0 0 0 0 0 0 0 0 0 0 0 0 0 0 0 0 0 0 0 64 128 192 256 192 128 64 0 0 0 0 0 0 0 0 0
64 64 128 256 128 128 192 0 0 0 0 0 0 0 0 0 0 0 0 0 0 0 0 0 0 0 0 0 0 0 0 0 0 0 0 0 64 64 64 64 64 64 64 128 64 64 64 0 0 0 0 0 0 0 0 0
64 64 128 320 128 128 256 0 0 0 0 0 0 0 0 0 0 0 0 0 0 0 0 0 0 0 0 0 0 0 0 0 0 0 0 0 64 0 0 64 64 64 64 128 64 64 64 0 0 0 0 0 0 0 0 0
0 0 0 256 64 64 256 0 0 0 0 0 0 0 0 0 0 0 0 0 0 0 0 0 0 0 0 0 0 0 0 0 0 0 0 0 64 0 0 64 128 128 128 192 64 64 64 0 0 0 0 0 0 0 0 0
0 0 0 256 64 64 256 0 0 0 0 0 0 0 0 0 0 0 0 0 0 0 0 0 0 0 0 0 0 0 0 0 0 0 0 0 64 0 0 64 128 64 64 128 0 0 0 0 0 0 0 0 0 0 0 0
0 0 0 256 64 64 256 0 0 0 0 0 0 0 0 0 64 64 64 128 64 64 64 0 0 0 0 0 0 0 0 0 0 0 0 0 0 0 0 0 192 64 64 192 0 0 0 0 0 0 0 0 0 0 0 0
64 128 192 448 192 128 256 0 0 0 0 0 0 0 0 0 64 0 0 128 0 0 64 0 0 0 0 64 64 64 64 0 0 0 0 0 0 0 0 0 256 64 64 256 0 0 0 0 0 0 0 0 0 0 0 0
64 64 64 256 64 64 256 64 64 64 0 0 0 0 0 0 128 128 192 384 192 128 128 0 0 0 64 192 128 128 128 0 0 0 0 0 0 0 0 0 256 64 64 256 0 0 0 0 0 0 0 0 0 0 0 0
max1=448,x=6,y=6
max2=0,x=7,y=7
max3=64,x=0,y=0
当前是第9号数组滤镜
0 0 0 0 0 0 0 0
0 0 0 0 0 0 0 0
0 0 8 8 8 8 0 0
0 0 8 0 0 8 0 0
0 0 8 0 0 8 0 0
0 0 8 0 0 8 0 0
0 0 0 0 0 0 0 0
0 0 0 0 0 0 0 0
dayindot
64 64 128 192 64 64 128 0 0 0 0 0 0 0 0 0 0 0 0 0 0 0 0 0 0 0 0 0 0 0 0 0 0 0 0 0 0 0 0 0 64 64 64 128 64 64 64 0 0 0 0 0 0 0 0 0
64 64 128 256 64 64 192 0 0 0 0 0 0 0 0 0 0 0 0 0 0 0 0 0 0 0 0 0 0 0 0 0 0 0 0 0 64 0 0 64 64 64 64 128 64 64 64 0 0 0 0 0 0 0 0 0
128 192 256 448 192 128 256 0 0 0 0 0 0 0 0 0 0 0 0 0 0 0 0 0 0 0 0 0 0 0 0 0 0 0 0 0 64 0 0 64 64 64 64 128 64 64 64 0 0 0 0 0 0 0 0 0
0 0 0 256 64 64 256 0 0 0 0 0 0 0 0 0 0 0 0 0 0 0 0 0 0 0 0 0 0 0 0 0 0 0 0 0 64 0 0 64 128 128 192 320 192 128 64 0 0 0 0 0 0 0 0 0
0 0 0 256 64 64 256 0 0 0 0 0 0 0 0 0 0 0 0 0 0 0 0 0 0 0 0 0 0 0 0 0 0 0 0 0 64 64 64 64 128 0 0 128 0 0 0 0 0 0 0 0 0 0 0 0
0 0 0 256 64 64 256 0 0 0 0 0 0 0 0 0 64 0 0 128 0 0 64 0 0 0 0 0 0 0 0 0 0 0 0 0 0 0 0 0 192 0 0 192 0 0 0 0 0 0 0 0 0 0 0 0
64 64 64 320 128 128 256 0 0 0 0 0 0 0 0 0 64 0 0 128 0 0 64 0 0 0 0 64 0 0 64 0 0 0 0 0 0 0 0 0 256 64 64 256 0 0 0 0 0 0 0 0 0 0 0 0
64 64 64 256 128 128 256 0 0 64 0 0 0 0 0 0 128 64 64 256 64 64 128 0 0 0 64 128 0 64 128 0 0 0 0 0 0 0 0 0 256 64 64 256 0 0 0 0 0 0 0 0 0 0 0 0
max1=448,x=2,y=2
max2=0,x=7,y=7
max3=64,x=0,y=0
请按任意键继续. . .