2	0	47.7769230769231	131.653715065999	52	6.01550624862415	0.721939843275790	0.0552473372781065	4.43281679571263	0.0302144000000000	-968.235366795515	5.43325807337699	0.417813843336862	96.2652504759180	62.2584184103511	-0.0613579048136402	27.3730748962952	0.0198312389890079	28.6533024513496	0.0292347525799255	20.7578347883096	102.922586081276	-0.0735678586919483	1.96889390363462	8.48806325741384	0.0375644406700433	0.197096992318946	0.0982616102436165	0.138775066352994	0.0928756752219240	0.0513989646371753	0.157241555518521	0.0489646848233605
2	0	67.5849462365591	-59.1707928096598	49	3.73768206154948	-0.258080938767786	0.0489582610706440	4.60885253082282	0.0219648148148148	-1289.50002238298	5.98597040833878	0.384371266276444	135.640291739848	60.1652885648927	-0.309913423811492	35.3366859375560	-0.122549151605276	27.3613219539657	0.0777347967128909	18.5249198908872	99.9676013791760	-0.0175651602706438	2.00430257656223	23.6786555003164	0.0197297735212310	0.149554409974630	-0.0391075156997607	0.205954156063252	0.211272623320763	-0.0374520688506479	0.136312612677756	0.00311864295244391
2	0	104.435626102293	34896.0728056815	170	6.17991425825861	1.66619723813227	0.0202277527380408	6.07673323380015	0.0436491164513142	-163.013706626516	5.41208998460347	0.518498963341858	214.410573507515	2892.59664167469	0.0505727107089410	252.260373963443	-0.351734994778132	236.439628793288	-0.0378515738338833	104.648773413582	8517.94689230296	0.0869076600675209	2.95863896142796	0.149134938017468	0.0884453620915362	0.168026939241338	-0.0633559818589653	0.329099785767079	0.312405144608105	-0.0487821261565607	0.139980481846401	0.0713288414169995
2	0	107.629156010230	22808.6490539062	161	5.14271722402857	1.21626021966650	0.0173926125548629	6.16106228068635	0.0216119991992908	-148.531181588865	6.11123674905111	0.425303935226679	217.301432909771	2137.04233122936	-0.263887709952025	432.368883256801	0.289571791886655	382.942030856623	0.138658873641662	163.305538623938	3853.76076541213	0.0749740579574645	3.30036548122149	0.442691453624548	-0.148244680857579	0.325198847006889	-0.0407040501835425	0.346824320823585	0.351244125137427	-0.0423422005455478	0.310858190718298	-0.112014198868966
2	0	91.4870689655172	15982.2144724889	129	5.74241998079558	1.63621633810740	0.0235706500198177	5.81702666841963	0.0362528630737105	-108.339325177457	5.51867778643472	0.489244113493463	186.811053336688	1746.00779501324	0.0469106047215532	200.818204407813	0.145582178560408	107.540241122293	0.171048977365587	81.8185127889954	5462.98895080000	0.0868958802307354	2.73628812083231	1.80825182068827	-0.0354210348693275	0.133417369750345	0.0466411887722288	0.339185274598375	0.324561784018195	0.0302477500111420	0.184296132186692	-0.0435779217590877
2	0	93.8264462809917	5803.91328636157	124	5.10037374966223	1.21024890905367	0.0265009220681647	5.65693139356951	0.0402049249451848	-318.272923776173	5.45041186361612	0.498795930890622	188.331601887790	815.261082702258	0.361327618745017	155.583131726483	0.236663613298506	146.231939370301	-0.0539034519316281	60.1733791175584	2210.77381675174	0.0657864499517877	2.68090683367923	7.20462050423714	-0.0679314230109402	0.301852434116908	-0.0330484580649122	0.257611855755927	0.259106855233412	0.00325553597182915	0.266952758648365	-0.0689056675116859
2	0	86.5910364145658	35330.6529283433	207	8.22812977157754	1.75632253866935	0.0184465943240041	6.09427141076651	0.0408163265306122	-263.289764512616	5.24600544577812	0.514646103586204	176.044522350176	2375.85237289482	1.33134520008659	405.041049931598	0.129654793039583	291.952688707089	0.00205237423745938	146.935366773257	4958.71783882376	0.0328385245443545	3.30705866845668	-0.993152715648535	0.0120800836685230	0.293231409626119	-0.130699195815637	0.315386097309268	0.348049983534464	-0.0999374065382788	0.267648318393915	0.00445449234748452
2	0	102.968253968254	9820.28489443987	178	3.14067756597661	0.394076101360497	0.0131995184905238	6.41447257206668	0.0139977559651312	-207.184844311837	6.51125746357102	0.344802628202706	202.269525824865	1954.87231496085	0.193273969067930	499.744941435476	1.07155695166244	569.829285103977	-0.0899982666402546	251.440652870205	3204.84494775464	0.0392132013332103	3.57894074796291	-1.03762082291780	-0.108811702159187	0.362845628567974	-0.0584244885784919	0.301108826737795	0.276867615486876	-0.0284989105695970	0.319844506911702	-0.0580372992034768
2	0	68.6468750000000	3253.09539935303	68	3.84475604292816	1.28005265417528	0.0420898437500000	4.99009259294837	0.0324727319944598	-57.7216047951444	5.60707831894244	0.491276946807703	138.843563947365	685.193452943911	-0.0803570183676557	43.3706972680698	0.0960419202060126	34.1796795042335	0.0322563899591755	25.9449731730026	2141.18506611801	0.130192797574011	2.19345468337799	-0.384002219553793	0.0399235184301965	0.210607931968882	0.0534862673464547	0.167214521107665	0.180454220335388	0.129461184780915	0.203321068996161	0.0183059753216384
2	0	87.1950000000000	766.484804750003	88	3.47699104692775	0.482068639850651	0.0291500000000000	5.31562399423789	0.0225724585262346	-385.139898671454	5.83489110093722	0.447207279394779	172.045060674858	292.306727888777	-0.127150029768933	157.994482823517	0.205400573058055	66.1476127882563	0.0986071500522669	38.1454543362805	594.892323511907	0.0260770959347387	2.58315902095579	4.93013683069057	-0.128749681896887	0.233017764516513	0.00323064016527930	0.354553801044490	0.355378006775606	0.00573483222045645	0.238571785510068	-0.118501935337534
2	0	78.0500000000000	10625.6598552631	98	7.31659295989334	2.03664849246165	0.0374099722991690	5.28347512764302	0.0549459876543210	-113.343542471162	5.07642245212066	0.514768877474760	158.627450971726	1166.21027284480	0.289952015548894	29.4110314588679	0.197068717898149	94.9899505160039	0.00703801589135395	23.1532251917402	4122.45405700449	0.110626239903932	2.29776886219440	2.28865308627655	0.0126407322318709	0.406723582446969	0.00940499419403906	0.0676881827572995	0.0758028709716285	0.0352697461792522	0.346523062371951	0.0104249453024181
2	0	90.8226086956522	-25.0403059607130	51	3.17385508507003	-0.0413275764473666	0.0418510396975425	4.90503794160809	0.0156743801652893	-412.430273829585	6.44664030658485	0.383341225476345	181.122190939375	225.027249428384	0.169064849664329	33.5686866403423	-0.140745068415021	37.4277559484755	0.0147769723860655	17.9934958316937	661.470702062526	0.0596138502246267	2.07341565179110	7.04166429173483	-0.0492445003948205	0.246723313231449	0.0113068209161113	0.238399941078438	0.247844978157957	0.0292673525416021	0.229870169670861	-0.0318979651274276
2	0	97.2104377104377	416.254013701694	74	4.10089285302408	0.405428802527781	0.0296398326701357	5.24460878849750	0.0225393051004939	-354.749106436714	5.81583591262727	0.448265448627440	196.781309904967	300.381991288301	0.270779189642582	40.8736610727436	0.578438557112581	52.4619726987385	-0.0916336897289384	29.7464974619231	872.386452094182	0.0365033166432577	2.18679116437646	6.81817368878046	0.0797547940609444	0.289051796512505	-0.0681226269006361	0.141416444943170	0.0855818607766281	-0.0409948650540422	0.312186674852704	0.128515070960646
2	0	57.4124423963134	3923.63214940666	100	2.72873501629726	0.604265919545154	0.0172094332009599	6.05343352448697	0.0145481744125133	-143.897989299297	6.55691300415239	0.383292385877660	117.593071954464	1077.92429591231	-0.164747571101080	174.818403621739	0.0180841358641256	131.799737940791	0.151119257176192	98.0650360326935	2958.13484849871	0.148545874435543	2.78550865085941	2.33513126184985	-0.0534522098611684	0.157641796475816	0.0417939563595340	0.337068721697875	0.335693021406152	0.0209764766724344	0.159561792685336	-0.0450146330644081
2	0	66.7187500000000	1423.70201764788	79	5.46917137597036	1.22424523578098	0.0369349888392857	5.10016799161324	0.0313491298010975	-303.363895147447	5.65549128602956	0.473275847128571	136.142277750907	309.341873901596	-0.348221889075080	93.3991950052825	0.0238380274573190	50.4108764854754	-0.191914334056243	46.1726067642574	835.768065905987	0.0210741362058910	2.35934166045346	3.40509384060533	-0.00465280170326743	0.00783985575811208	0.138155638880717	0.319530937277586	0.326126111650482	0.143698806725655	0.0205928262664514	-0.00355172413772920
2	0	88.4182424916574	2634.11236920148	99	2.32139199311133	0.389726807821573	0.0194889637602527	5.90979964976247	0.0129668022255729	-125.437518529763	6.68036358925910	0.375231657716899	179.470782285194	1014.60879820613	0.209301541975555	170.400962930745	0.370926510530383	179.577626984303	0.0288446717382891	77.4683817592118	2004.48597592161	0.170645902592565	2.87255572765142	-5.21187173064413	-0.0559600014879438	0.341625444616250	-0.0770815189856089	0.310772180896113	0.329714450571327	-0.0515052660604463	0.335445706153564	-0.0742457786441264
2	0	97.1799242424243	63623.8729720233	208	5.35432950477495	1.50299973695546	0.0165863177226814	6.33865022154223	0.0277363339530379	-144.532026135854	6.00360512152536	0.413896080629806	194.114111746530	2823.33780192387	1.19851443559164	553.880013863763	1.58623220263669	1172.25136680223	0.121093153131537	280.564713681720	6051.19976951802	0.0341418087824219	3.55358546032451	10.2024073323489	-0.175027354386110	0.368383306676015	-0.0199448356839165	0.270093109816879	0.245300950111811	-0.0191573728662220	0.358807029187487	-0.133579227341153
2	0	90.4007561436673	29163.9090382334	166	9.98755388911748	2.31753864500594	0.0262899289239247	5.70820015932546	0.0568787201799747	-221.224981314985	4.98891447782702	0.553070986978417	184.911200927331	2183.63011343806	-0.221655027242348	168.090690779911	-0.867045479335788	132.865865332870	-0.0979212029616442	115.020322401528	6241.62772115353	0.0919998517500882	2.84326809393439	1.60247116525653	0.0794318565499328	0.226102462673365	-0.0629966044788237	0.282644952790599	0.277532815956413	-0.0686368071024415	0.194156449529274	0.0525148097335375
2	0	111.733552631579	23503.9586075748	155	5.80300716931229	1.42375937796289	0.0184167243767313	6.01954969846351	0.0265435518621114	-109.065667140022	5.84336262914318	0.430212083539577	223.856199814571	1767.55135553073	0.330309962386768	524.226042261858	0.0183479487663713	243.185766692223	-0.00535996857536656	154.790435444082	4157.40304460280	0.0117103964855036	3.34027538811328	1.58620082243669	-0.0799466765357559	0.163694304026470	0.0130849693270823	0.403916441312439	0.370726259317957	-0.0115114841615294	0.204896067690690	-0.0789119254520969
2	0	94.8321995464853	15774.2325175695	178	9.55288587742374	1.72608380971686	0.0256014726374299	5.70937510621522	0.0478599773242631	-889.530811532278	5.07416303425228	0.486855395059665	191.627821015966	908.536401014235	-0.618412784302764	453.791587629117	-0.367331650071552	548.319790521840	0.110437809260087	197.829993982745	1443.83336241437	-0.0795163196659425	3.21755106037861	36.5383785545018	-0.117230337291017	0.292884582677407	-0.0871583171486899	0.220059812384427	0.203077105176245	-0.0593722885085642	0.254977531805308	-0.0937265811735557
2	0	107.201814058957	966.371754250145	73	2.84193127129393	0.415638335080252	0.0276068099197351	5.41337638129123	0.0146967120181406	-159.458041752505	6.44523431613402	0.397708887270403	215.828539178508	503.993873941898	0.0625727265522839	75.7008141040322	-0.130902957986878	66.7379665276320	0.0617304039432413	37.5728004956837	1337.55286696513	0.107427065505179	2.57797416507535	-1.60417744579809	0.0113987216494564	0.277078294171069	0.00461516624899172	0.224686977923760	0.227624902534266	-0.0236681733259974	0.289804602353627	0.00326064498018752
2	0	126.510606060606	1970.45045693157	131	5.72721383727027	0.576964565199758	0.0241689623507805	5.61146623047189	0.0288334922023172	-557.981092868885	5.52460564751247	0.449759279698428	255.833533497872	578.718574925319	0.541772088057371	158.074099413171	-0.627414727590373	146.497150940581	-0.106668514115134	78.7604564692947	1250.90443078196	0.0171143975364427	2.74640082941391	0.000779926022342031	-0.0390265821675309	0.259898172320007	0.0214932874188749	0.257711567671191	0.246877867937535	0.0338851191919041	0.272185393416962	-0.0533282060969924
2	0	78.1471264367816	3733.69464531524	116	3.64044186181330	0.693736078689815	0.0208059188796406	5.85321522129395	0.0175884832195408	-224.997251867986	6.23215771495666	0.376199743574718	159.356365758055	770.759902149203	0.185928312665770	179.265921239158	0.433100551272168	190.797415032100	0.0809672363725872	133.841718518339	2167.18518326298	0.0183901791777272	2.89795787992392	9.01551703266330	0.0596064697572911	0.179394226622776	0.00546349866612039	0.187948366356119	0.174140947504474	0.0255642275782810	0.192964116712147	0.0590351146950994
2	0	90.3592880978865	-1108.50621276646	83	3.39022305622530	-0.565078144254149	0.0304639563672898	5.39074814147868	0.0178689390936716	-578.354866086567	6.31076536474136	0.356608668617107	180.625969571946	270.978807595772	0.912147478248201	132.900410959984	-0.252317191593138	132.221361384233	0.0285439062785774	102.209034336876	549.123474901566	-0.0274079713994648	2.67840342100697	21.8255131488099	0.0209095332778388	0.185658404530671	-0.0165145267035882	0.180433011547514	0.195476321685673	-0.00110543339177971	0.186719840674424	0.00697795678922830
2	0	35.8052173913043	609.892831134710	60	5.73819340974162	1.15144465912529	0.0437988657844991	4.82906095660254	0.0311860034656585	-340.692829221410	5.55771455057039	0.467771590693586	72.7876603408169	246.352538747840	-0.0204672513123489	26.0523367946229	0.179960867038988	29.0478087294011	-0.0370970366224455	14.8958301619377	746.757406624749	0.0597100337574058	1.95792810238215	-0.246786362244563	0.0301870811794724	0.215398406641057	0.0483481425090873	0.222031148765928	0.204202959921416	0.0380325004042250	0.217790972367403	0.0327122670254596
2	0	106.417624521073	-410.166562530353	74	2.81476643585703	-0.193844544165065	0.0254008798070101	5.51115629069051	0.0146718666890625	-378.506405027207	6.44029329596083	0.406107160734133	213.202296603924	528.165647959104	-0.500746248395416	82.7691985118419	0.0727447794189982	64.6002921144247	-0.158975240634419	44.6474003275557	1811.51257540159	0.0345502474566457	2.39118028652636	6.12175222677661	-0.0243466047617495	0.130188038801647	0.0759200958081259	0.280650730099662	0.260271108595582	0.108201321151916	0.136641744331655	-0.0258073434974619
2	0	103.121428571429	-2346.97969460641	101	3.44208444319630	-0.496583198672683	0.0233510204081633	5.74080749362396	0.0163467764060357	-499.930316801031	6.47929496683323	0.369491105391840	208.745724149467	645.940911250566	-0.722592581860366	175.091850205052	-0.385280066572028	163.406698284882	0.0635630289895385	102.635623936048	1383.12396757754	0.0546735657878095	2.89431504037579	11.1351853460765	-0.0976261266630774	0.205698083868956	0.0564835924842377	0.268565045075884	0.282784475004194	0.0710266102961636	0.207249288719343	-0.102431610321929
2	0	84.9273399014778	4414.48685532952	118	1.92558764856413	0.201279950940726	0.0132434662331044	6.41826086720947	0.00801922722475856	-68.8085074352605	7.18692384900820	0.304500892682243	176.177151762162	2387.36508784861	-0.264441128745938	317.120087828065	-0.0150782761250064	369.692898693477	0.204637285907199	196.276905790091	6740.71586659048	0.122984706529230	3.21147689272493	0.605585941534400	-0.0516385444367659	0.269655774995194	0.00818986164487939	0.280550723419442	0.268513273984858	0.0101343152055746	0.255117901364114	-0.0473665599131294
2	0	48.5464743589744	2525.19854888302	112	4.56743355151169	0.714107664300283	0.0237559582511506	5.64515009983931	0.0243472222222223	-323.920515953390	5.77917685146296	0.468858582818554	97.4878630295917	834.613119156885	0.770683875317839	91.3268821928235	0.00976984756641643	101.269038305076	0.150155246195770	55.5874466935656	2538.53901944547	0.0683174727048190	2.60160289102359	1.33166451217667	0.00327058798339985	0.289232345650170	-0.0839188803274378	0.257496483869724	0.264854551696530	-0.0644016587894918	0.295705897661706	0.00754371595437675
2	0	70.4064171122995	4265.49446453949	110	4.33131709366989	0.709345783885537	0.0233778489519288	5.74363948073809	0.0193175309339422	-234.406188986130	6.15866932773681	0.410681103385973	143.070663775834	1019.75233049649	0.0855377059207395	201.905757879073	-0.324836713522694	187.995631519049	0.0255414596323106	71.8185469620158	1846.47478829826	0.0389605030608622	2.91990678661057	5.01135443169886	-0.191560226165150	0.336944054649560	-0.0598758236367811	0.375844863835913	0.372154126125043	-0.0715109228489488	0.329662619690343	-0.165294617563152
2	0	88.7961290322581	3533.89243393185	164	2.24899434786305	0.134337942859357	0.0120291363163372	6.58831231495130	0.0148542222222222	-152.617226096239	6.38817407923824	0.441704488198606	173.167784764483	2869.49638639821	-0.879538575200547	249.326422372715	-0.142940727620157	292.232603517049	-0.0412225362294754	173.658049301140	10135.5636676943	0.0839602798374224	3.09451951202139	2.71569200873211	-0.0151166255179569	0.229002959684561	0.0324220362077022	0.235821957809625	0.248634499172899	0.0455998971825297	0.215150016709561	-0.0210104058365594
2	0	70.2681159420290	85.8198961063491	70	2.80697459379980	0.0443073600166458	0.0284604074774207	5.41940257002331	0.0139247589531680	-281.152540294938	6.54524421726097	0.332321682027565	141.199912080954	495.457461983164	-0.439031407229659	56.8510015429988	0.219670296948023	74.4285039952561	-0.0573182001887725	49.5337461535266	1504.59716796113	0.0655734936181858	2.49162187384966	4.15171402767851	0.0421672784089897	0.212022635175003	0.0494707397253471	0.176222741410231	0.153352495111829	0.0264348393813045	0.206421156255935	0.0755745600061246
2	0	79.1468710089400	-780.972128454129	81	3.20062682335006	-0.389777404905187	0.0282324425980567	5.44256090630060	0.0167531004171216	-529.298190972185	6.38474594656675	0.399977330192538	158.255910804542	392.653884437688	0.202494356819514	82.0101106019279	0.321761556223654	86.4421894632546	0.125665103184677	52.0698032662098	1062.09028953632	0.0687852251148143	2.49987034248676	3.52711451506275	-0.0385384895760330	0.246624674153408	0.0342538680093971	0.233679427141707	0.235699741927562	0.0424192587002583	0.243725363116234	-0.0424235674703652
2	0	80.4980392156863	22187.5604728800	156	5.51675792061314	1.37564779727605	0.0192310649750096	6.08331013057899	0.0235546875000000	-186.592595158048	5.97071233839463	0.392228169696127	161.123849939874	1613.31647282933	-0.462310772145373	159.338408665236	0.329280882513179	611.376119066452	0.0191508501691771	115.314097219961	3920.57676726103	0.0847960065145823	2.94753499064408	5.48611419217269	-0.0848441984714657	0.449920150397171	-0.0617928422841372	0.180174034350508	0.153422362662152	-0.0909713865601078	0.454953577817069	-0.0721729864755467
2	0	49.0760869565217	1139.30097548697	79	6.58724404727978	1.21190238060019	0.0397894349926486	4.98182431944118	0.0324516471533517	-635.781454781865	5.48093982966684	0.438149363771674	99.4352745410828	248.109864629355	0.0819765975448386	76.8168253270261	-0.0504448331013392	71.2831717902026	0.103152645794638	32.8540515984864	665.813010277106	-0.0231395907334317	2.39558748957184	4.55050226621594	0.0230439350533462	0.232502831690222	-0.0208079081941348	0.180920070160149	0.203317680416561	0.00718522424474433	0.243309906873705	0.0348814133747695
2	0	66.2312252964427	15734.3662824219	152	5.14804498507269	1.44239742618946	0.0217781874423909	5.92788815658171	0.0484420611344726	-291.734146058253	5.32059334190027	0.493312219878566	138.024886171211	1643.01022330304	0.0156163904871171	195.605055220252	0.308289543829152	337.233938296610	0.0638672782347869	148.029908398697	3895.84639478807	0.0230154551312649	2.97991676085057	0.102629037950322	0.119093555011589	0.228593326258248	-0.0282919590911653	0.184598723799974	0.0950735946944068	0.0400123562945278	0.260374544255416	0.101601885033006
2	0	48.0842490842491	12768.9850143639	158	15.6423482514934	2.58269769033268	0.0281635336580392	5.51736243273756	0.0711797337278108	-472.241083066648	4.59314347604122	0.589434836056169	98.8421785952824	1145.61818890506	0.266590174801974	90.0182441923502	-0.345290498851475	221.745312696199	0.0131661146062939	41.2928411259482	3052.06342819027	0.0572362509463854	2.57354834165104	-1.71598070561515	0.000884840501657935	0.488658308765380	-0.147083279869450	0.171178278061439	0.270902992390317	-0.127542578329705	0.416315496079000	-0.0333529749211081
2	0	84.5543478260870	156.322627291038	99	3.27169136398143	0.0532443832267492	0.0239773681999580	5.64521181336031	0.0189965015848285	-707.645016346371	6.09673538852340	0.419989546038695	168.233845837490	600.367106237593	0.172269264013573	140.774326690531	-0.00439362468741697	93.6234531847917	-0.0321773148236170	50.8165917898448	1379.71286091041	0.0698206395840482	2.74632135161670	-0.736277245233623	-0.0739179942351065	0.230198587804489	-0.0199554395120307	0.395903505162342	0.382957309499300	-0.0627995541895872	0.239917455533742	-0.0835740618169822
2	0	106.772307692308	7236.05107042694	168	16.7033156675448	2.16565096955853	0.0274082840236686	5.50557580589784	0.0693840914694279	-1143.51313617172	4.52961687045299	0.573843154089083	214.861581457015	416.737059502824	0.672596236602395	221.352203387855	-0.588461704754900	147.597503195842	-0.143209726202219	124.904687213185	670.895919119008	0.0374485051714442	2.70680608937874	10.3758796503862	-0.0439117977416075	0.255956469615501	-0.0184215272857062	0.213360835545653	0.232074346071560	-0.00800154037374590	0.335437982302789	-0.0633978369698127
2	0	103.377828054299	18978.1703972749	149	8.13483236504766	1.89071163580192	0.0215904670256547	5.86920795141626	0.0395238754325259	-261.136996476373	5.30953452414370	0.504383520210746	209.504073420780	1614.53055539014	0.0621718133772387	151.443348124679	-0.144920456770048	208.595548799482	-0.0121777448559334	40.4144359138876	4232.45371398129	0.103290728306339	2.80190861275726	-2.68641787902197	-0.242798277817345	0.590691746268616	-0.180456986458900	0.325041722642319	0.324897855937891	-0.110604796639548	0.492367362088981	-0.175196118552833
2	0	91.9657142857143	19810.6484744956	122	5.50761003443815	1.65699364182044	0.0228244897959184	5.84492551897809	0.0368220000000000	-92.2663171617370	5.60128804834091	0.508040519530968	188.344363754836	2233.57754772058	0.359190364324393	152.532608993473	0.480146999568874	129.601860958282	0.00232440893483297	49.1645980306952	6085.66414099984	0.194110433257924	2.73976549916123	-3.11215072979644	-0.0609620359599621	0.337992590360118	-0.109744271782004	0.344484581039348	0.346958819910796	-0.108283944805995	0.347976703944958	-0.0642913598872781
2	0	92.9056152927121	8049.24384020713	121	4.93114285010675	1.21835563417861	0.0217780118732059	5.84179429563644	0.0235596707818930	-175.650066026498	5.97662040472136	0.426672443168392	185.532661506456	962.284890970257	-0.616597213661416	191.521270215950	-0.109590281798582	185.925175798107	-0.0384335497387500	71.9245463378643	2667.96794695368	0.0616413929809627	2.79190688152971	3.25742687677086	-0.115403778162993	0.253186511021528	0.00143906215548095	0.344097268857898	0.335378986414728	-0.0120008193792747	0.250061825575401	-0.0920603354212162
2	0	94.3073593073593	38480.1203649958	194	7.97287342116832	1.66736803605878	0.0141863908097674	6.35954319346461	0.0258651859504133	-158.182686139466	5.75971558840394	0.418906488964049	188.572858760025	2143.16086252219	-0.143076827909396	133.893568505819	-0.184456989567594	862.502953585848	-0.0151611936658940	54.0927425116763	4334.63329659545	0.135376078074777	3.25031561340172	-1.15567530222688	-0.101260430272029	0.558644798656949	-0.0729113444566494	0.119228892242902	0.141563444407506	-0.0622249290317771	0.544325435056948	-0.114827116529213
2	0	92.6650000000000	59548.8600592500	203	10.0118385945970	2.13420323329169	0.0150375000000000	6.30651046061127	0.0441828254847645	-218.238650536677	4.96365553651707	0.581586761012722	191.505680310296	3592.20802877699	0.0459679617415356	101.734091199826	-0.349641951051022	263.261982569585	-0.0176017867233615	17.8151905020245	10704.4959297109	0.300816662148020	2.87687202062117	-1.28808048766473	-0.193341143926371	0.487458512706034	-0.214425117553400	0.439397158599995	0.438256616992206	-0.252753675559891	0.514307987142622	-0.204225376297615
2	0	83.1424242424242	9567.22159072824	151	5.76099491620886	1.27896228620196	0.0197291092745638	5.91540931441110	0.0356530761718750	-197.208179985465	5.36208066130847	0.493968027699645	167.434014968391	1206.98127510355	0.529362743030177	202.886316605798	0.652936111959640	179.710582709606	-0.0699687065985627	63.8896052902805	3092.57598561468	0.193023811771007	2.63102409842213	-2.70896000327582	-0.0486712293347120	0.297311905231379	-0.0937183047186037	0.359197873713256	0.342984948485327	-0.0939014053421827	0.281507776467919	-0.0143753934397068
2	0	92.5491228070175	6843.22886126367	135	4.91339958966237	1.07981629040522	0.0200000000000000	5.89565641445612	0.0295502979239199	-231.944244225115	5.60763900679894	0.486968046135336	185.089621742292	891.998076449926	0.358781010484537	271.291662300984	0.265432840341087	139.451853779420	-0.000109215596490347	61.6834090371168	1657.44480598960	0.109925721781327	2.79403875832369	-0.376891037843507	-0.157755914589914	0.312828936139222	-0.104811624379106	0.443289555211474	0.423919019855830	-0.0958837621104736	0.290656450887177	-0.109849334725162
2	0	44.2000000000000	1848.87300000000	80	4.79633016774027	0.987185794265043	0.0297625000000000	5.36705105798523	0.0212222991689751	-275.656633587778	6.04829976906598	0.389970192388149	90.5672597874497	402.067374442276	-0.0618499600194242	134.390193649023	-0.00689275241386030	93.2271795793246	0.00986938330745438	59.8047797218148	1294.95013874040	-0.0439404288922876	2.61742834328677	6.79733311988295	-0.0584839527267504	0.189084166447075	0.0419189741491289	0.243681856337668	0.281552031339816	0.00940709151929609	0.199170005902338	-0.0704039621328327
2	0	76.8314393939394	56655.1527729816	206	16.9454565566756	3.12326086726750	0.0222107438016529	5.83099379029669	0.0649073286722097	-154.480599336672	4.66652995096390	0.560033815283400	159.189001784370	2895.73462972695	-0.0608533891379219	222.085888129344	0.884481788467249	307.906819854327	0.0199213847897332	103.401211564320	7699.84525055197	0.0898833715454896	2.98047781378135	3.09982088757178	-0.196433781470353	0.332707633972797	-0.00801301548826694	0.320320198267688	0.314843074951551	-0.0485436354060393	0.390275302220799	-0.147002701637025
2	0	87.2948148148148	-134.705782336432	50	2.79078311904283	-0.172039777864160	0.0347588477366255	5.08801540727851	0.0127952662721894	-226.403826906860	6.77664551272724	0.349016423838494	174.772062023017	207.270806102977	-0.342564753979556	41.4630152891538	-0.101785979149034	53.0773726516098	-0.0612431499999297	23.2277778548863	466.398286172485	0.0798816646084073	2.27057782384691	1.90633825242639	0.0294545997951565	0.303387052894743	-0.0463269176669510	0.206211755018366	0.196814511309341	-0.0456894017960630	0.316974236140553	0.0179894224309010
2	0	81.5338441890166	-26.2190142309463	43	3.62840686700506	-0.131296317937770	0.0568155683758802	4.44396016697679	0.0261663699878280	-1192.48211509174	5.90565502431718	0.405135044148284	162.169346084435	86.9983723725902	0.229799155019523	23.7026781478614	-0.0586493996704846	28.8840733830110	-0.0828788208662417	13.1718404569855	222.409141114932	0.0310085216446729	1.81964913711300	0.00156137542931256	0.0663081665684580	0.218175161807961	-0.0314249578089232	0.255904920635395	0.249272925636078	0.00257397976054818	0.203549834092470	0.0351430596009550
2	0	75.9735449735450	5226.42315940899	102	16.6930137956036	3.08981913857943	0.0468141989306010	4.86402996326902	0.0856261698466370	-320.930044621944	4.41867643924584	0.569279314196096	155.382897053180	638.595581541717	0.0628395988045158	77.3521523715158	0.141846261493474	56.6073359651323	0.0811654676822512	35.5896732972551	1913.17391886511	0.0239541497163666	2.24486873956910	11.4692851450036	0.0501432270966009	0.154738880162315	0.00475565210896212	0.233498420103417	0.238761639318490	0.0218301593554555	0.164727370337616	-0.0235284837172003
2	0	93.3744444444445	9769.79384143489	119	4.79349095854869	1.25281322551159	0.0212518518518518	5.90323810585457	0.0234713964856653	-137.086759620118	6.02968351790118	0.426056041605404	188.394550794711	1252.63646043809	-0.478364501429291	182.620292567263	0.0541952367507659	173.259779540794	0.0638182609219603	89.5759615251756	3804.24182504199	0.0641041704975593	2.79418606666502	3.84875501195376	-0.102755273790866	0.263843017805838	-0.00937098477157550	0.310515945216749	0.313099311682723	0.0155492071864245	0.249382155426346	-0.0826655352380215
2	0	94.5411255411255	-3345.04701611364	80	3.30472629218281	-0.881972457683501	0.0235471599107963	5.68786915765196	0.0161146847249860	-305.633751636558	6.57800179784422	0.378953676193613	188.188047305284	567.295960141989	-0.224128143107265	163.622356558904	-0.294571948217235	185.692944566305	0.0181216270655790	77.9006594731425	1090.92964357174	0.0551723908038106	2.90637389614796	2.18994099213614	-0.0797589657955844	0.279575626228492	-0.00471354321932083	0.296408363055921	0.277574684077255	-0.00489771706813613	0.266379204387960	-0.0537688138703771
2	0	90.9223484848485	3904.40472170428	108	2.15015734681708	0.300600588324131	0.0137310606060606	6.32456563751122	0.00993610273555281	-85.8637863513788	6.93076924698726	0.340240146228198	186.309885169662	1554.91954823495	-0.564043920344861	342.349173604450	0.201006044087217	244.518540269511	0.0164872857342383	158.623052041627	3780.74559826953	0.0612785889353005	3.17699647936270	0.461524013107805	0.0249407368850050	0.159610237645168	-0.0408424686455127	0.345571322229539	0.353679725737016	-0.0355437347729155	0.155800821838207	0.0310249993388467
2	0	70.8708791208791	636.886128969595	106	2.20932132120829	0.0969038770310775	0.0158872720685908	6.09501425470565	0.0119591155915942	-203.410952393744	6.62951439266386	0.376544027563247	144.237428971470	991.362951869572	-0.464305570309592	198.604452732792	0.575804279058745	131.986794387433	0.000574943354087354	111.511597080996	2526.18584343398	0.117228338607384	2.91234282526111	0.447803443465659	-0.0109514777109607	0.203245439977469	-0.0159799137511372	0.316460029296571	0.317528879852105	-0.00303033561052413	0.203916672861848	-0.0195074680403096
2	0	67.7462121212121	3500.03901934721	100	4.12825602172972	1.00947009504147	0.0241190312213040	5.66564070021473	0.0300591301335350	-280.309285931722	5.75974072100183	0.453637048434209	139.028063287392	716.021278374597	0.0307884277559059	89.5113087523497	-0.222076173723480	128.463386288317	-0.0742239260802343	50.5039745090181	1789.81385408361	0.0933892867669040	2.57591962886929	2.04577020296358	-0.0705559462929153	0.336241050798744	0.00791450315171449	0.175266852627119	0.225695604499148	0.0332536768434653	0.343895844409218	-0.0848693482840801
2	0	62.1494082840237	122.762112731982	52	3.23168405175617	0.330541126905354	0.0412538076397885	4.81644026023417	0.0188260355029586	-562.243464733460	6.15132892707480	0.370969819571254	123.586970639089	95.8998650955003	0.181200971443486	38.7201809760445	-0.153602547358522	41.6636270011875	0.0243976214822564	26.2202106318890	186.800870502768	4.71462765744279e-05	2.13553929024229	12.0631914012261	0.131895073046342	0.185084322515806	-0.0445082053392012	0.150649735345173	0.141044843330146	-0.0444245862544026	0.176326498132259	0.111084672727884
2	0	39.4782608695652	4564.25990383825	101	18.2003575201734	3.00442404223114	0.0411891540642722	4.95679432002714	0.0722494834710744	-541.701277083109	4.48352451048384	0.571491894042521	79.3650076495307	429.257911120356	-0.174168259313592	95.4905945030867	0.0973598075487139	69.3377162151320	-0.0221229749823602	32.1413171950800	894.881912091568	-0.0132127231194653	2.31094732734207	2.44478540073268	-0.106727327463364	0.171309107963324	0.129234700264503	0.256487519003742	0.292632466576837	0.0985972740868351	0.189265118030636	-0.100292413705695
2	0	48.1780303030303	74.2215986265895	34	4.74242637783091	0.702227677994153	0.0667541896235078	4.18798733471148	0.0192453404989924	-385.399637475680	6.11631412673956	0.361934546425717	96.3153757765789	42.8117620707020	-0.205060607267209	17.8207323035671	-0.179725595327770	17.7654574614992	0.0170420014095991	14.3087136439131	102.017879203820	-0.0884231429405518	1.76209719862710	11.2824269988660	0.0518135754412423	0.156753133435654	0.0437608703388630	0.141189657955383	0.138584429667809	0.0240145265227731	0.130234589484449	0.0813644820227495
2	0	43.5937500000000	114.388366699219	68	4.56749283701164	0.204447389618639	0.0382552083333333	4.95933931303059	0.0277859168241966	-839.364463236763	5.65325047622226	0.434418738961203	87.7472829097795	124.519389110448	-0.222801405026067	70.1801392212894	0.0901970808826671	34.5343121861990	0.0190352855093831	26.0463116771819	205.725297169599	-0.0162404995437222	2.32799195783040	9.25997891275222	-0.0303605894939845	0.104441946805645	-0.0699022996622412	0.361548788005682	0.358373699556152	-0.0246050701255971	0.138373156955224	-0.0551031239798476
2	0	71.3725490196079	10327.0449202364	142	4.59670677192920	0.953902071344891	0.0172382678561621	6.13690385347209	0.0238884083044983	-274.994519442378	5.90478922775931	0.426342970599026	143.765895340508	1335.85655091775	0.138125067891797	224.266835704824	0.0268620641083365	204.901791139381	-0.0819294841141826	73.9272746422774	3048.76396595464	0.0595182401495911	3.04331446676160	0.400662340530289	-0.192763077296208	0.294593382608023	0.0502910959639666	0.353684941630710	0.342914081489599	-0.00751688699054376	0.303191419944733	-0.153493434439319
2	0	60.4632034632035	5457.50888163453	87	5.51468795813608	1.49926683287986	0.0266018253031240	5.56668733821348	0.0223295454545455	-102.066033788895	6.16120834995200	0.392798005659098	117.610282625428	477.307214458823	0.911198410376705	164.299774347996	-0.306866016617815	107.060126754243	0.182518478252852	84.5644793912890	858.222826056728	0.00997867124949825	2.84479831214339	4.12331204226086	-0.0240418950442381	0.0950269129092343	0.0663144745155000	0.297249085097910	0.350884582410294	0.0822651075447136	0.0894147107837160	-0.0198534837936997
2	0	41.4473684210526	772.674685328278	44	3.59157528429275	1.07380269513479	0.0624465647549673	4.57879166668832	0.0429314955573234	-39.4358700186064	5.72157494236262	0.436573277130722	84.4425619679295	256.316279030361	0.0670686384419440	34.8301573839163	-0.00365557797460715	31.7676532661671	0.0286730504488648	18.8480526251499	738.982310923818	0.109354788511754	2.15266667736810	-0.813239994720220	-0.0717962154192833	0.198745441885773	0.0407185819366229	0.331608390169990	0.325014830735375	0.0344670527125106	0.194966561518555	-0.0367959503444268
2	0	64.8854489164087	1706.10841050076	91	4.07393759109535	0.563110972841808	0.0240872624102599	5.60269916955015	0.0169234764542936	-264.034576146330	6.34803861814045	0.356227246049888	129.999760300466	425.923615687220	0.478572628529881	147.595864596973	-0.175834853842700	176.707743327502	-0.00760062843889873	80.9461638178390	705.918811679429	-0.0944926978963574	3.02435196420656	20.4243025178045	-0.149142314177240	0.248197199942489	0.0944923401284019	0.188018933718301	0.196715586032639	0.0633119455630378	0.223529723047844	-0.184382267522235
2	0	72.3945312500000	43035.9076877832	136	3.80801529973532	1.28648475804892	0.0184936523437500	6.08010069508442	0.0232378472222222	-36.2724659445290	6.06000566518308	0.391802007715930	147.484137371314	3782.24755463693	0.179080137095568	311.284645342171	-0.226514939163318	268.830955819306	0.0792219806860867	109.144437228261	10209.8026174784	0.176441967176255	3.29043737995300	-5.29372134329120	-0.149336205434722	0.286315330917435	-0.0528107818218846	0.369173511900023	0.442458043877583	0.0253958784227750	0.249551772348452	-0.0931860833484883
2	0	62.9840909090909	218.849873145191	41	3.31842619344156	0.639964827461452	0.0464979338842975	4.69891113701084	0.0184863945578231	-253.830095564472	6.35062710701514	0.405359222359048	125.887586489370	112.232413609740	0.0309599659127487	39.8531658985615	-0.261831500927123	31.3483751205189	-0.0452638688969913	22.9758507469849	262.569129918982	0.0264592760673860	2.07089035547442	3.53334598321089	0.0222380016298356	0.194228233937488	-0.0425201318876676	0.282616085340753	0.258153743031372	-0.0251563948033278	0.201721632055140	0.0527063983280982
2	0	81.6261904761905	592.032998515280	56	2.33902526196823	0.312974092044660	0.0253968253968254	5.46848073910576	0.00981463684273342	-111.757035314083	6.99535972106851	0.300753344151934	160.781724354999	474.519290317768	-0.492829718882699	50.5653317771613	-0.198313146203939	79.2757041216613	-0.0302592570448214	41.7417919956492	1469.81551164205	0.0564919595152754	2.52494888855061	0.579421879327811	0.0554949679012569	0.330696633053222	-0.0205995968565473	0.122828696631799	0.127577328625513	-0.00741298563297654	0.316794534500758	0.0683875376391967
2	0	56.8876811594203	105.878979247905	56	3.48593941709264	0.252421682845209	0.0393168452005881	4.87595062064577	0.0210037161386593	-626.671350657490	6.01577203643305	0.400147656397657	114.538977896147	128.935667009658	-0.0887059835005250	35.1865848202471	0.112857108923394	31.5640375977000	0.132878014362601	26.8964855746460	311.251740120422	0.0191530268151189	2.13666161938920	5.48955121305903	0.138167417269982	0.186334106875023	-0.0474198340577292	0.147856227923402	0.171507233837783	-0.0167980433076833	0.186320396758305	0.137177421065914
2	0	66.1821946169772	592.092391112430	116	3.91605851465916	0.146093037896468	0.0209396928273515	5.78483238314801	0.0223665223665223	-305.465810632413	5.85444188198184	0.433531741283634	132.247457843660	630.711277404782	-0.623566447942878	158.709446289761	-0.318762390421581	215.802922323158	0.0129484045913044	64.8791752385151	1247.87988253861	0.0314252444445484	2.87234580740126	4.97614366488915	0.00198182409336029	0.329062942430002	-0.141450206021198	0.308191179201187	0.257988178757021	-0.183891048940600	0.347455839939692	0.00520641335329586
2	0	36.9488000000000	1641.86350372454	52	7.43364776787834	2.11663534173548	0.296675840000000	3.19088975397375	0.320893055555556	-32.2670065382293	3.53369844700348	0.658239302709594	73.6777207971217	210.633059112371	-0.0654375542246137	51.0496871921157	-0.0874053486827766	44.2188002103826	-0.0739499894440329	23.0175194537713	471.268387291283	0.0944299049517973	1.94390561315707	5.09905887003586	0.00230734725988291	0.271338308754119	-0.112343199194082	0.282483893581069	0.280994476706779	-0.144271141437521	0.287789399102328	-0.0123344678214821
2	0	75.4965277777778	2047.44929100424	92	7.69099595233971	1.46125912180086	0.0315634645061728	5.25025770469446	0.0346204841419870	-305.320461381079	5.46544522550891	0.459993137237796	149.708718436574	228.437332688165	-0.131155564390364	69.1006017057635	-0.0433528628313553	95.5879284957815	0.0884482929090247	49.2525706270882	522.833469842973	0.0291061053579370	2.49730258853448	10.0531304989599	0.126922937572926	0.226972318160280	-0.114203542491704	0.193697167981101	0.190241161534143	-0.147492624797665	0.271510222499277	0.119686509140337
2	0	56.2300724637681	30795.1166006273	183	18.4130579975664	3.13967985756024	0.0283028775467339	5.53592498406378	0.0810358557162536	-131.300907565078	4.24649730586290	0.548675715933635	116.545723956648	1769.08970899498	0.305804234451804	154.700311218862	-0.0370283361157480	335.228991602817	0.231534644361413	141.881764875539	4852.01719447092	0.0532298968830871	2.92062097879283	5.64863049620885	-0.0179608156511815	0.309918050588661	0.0686456148015091	0.0896913391151570	0.0785533932412061	0.0685456172867947	0.287126024897824	0.00728518376385523
2	0	56.1980000000000	439.091264784001	55	2.52815077000780	0.261558261178626	0.0247920000000000	5.46628406247319	0.0112434895833333	-82.1923949252457	6.82082629404550	0.339499838398122	113.376093407162	463.854893464517	0.498123666837065	55.2054350655331	-0.0388313800000144	53.4914758479308	0.00978630016070045	25.0447177972494	1260.14539215576	0.138025454058820	2.32917035047541	-0.771063921779387	-0.0307244963583648	0.313270899241832	-0.0469893952355951	0.256403498129221	0.259890650947522	-0.0389701371850493	0.342018952907814	-0.0414470224515497
2	0	75.0577777777778	39391.8003660028	193	5.23725096283970	1.29374792758266	0.0128768175582990	6.50848034856174	0.0322804733727810	-86.2168497841634	5.61426505300425	0.501716277088002	152.699230320597	3154.78126674073	-0.203348080249277	453.089766957300	0.457284428973124	393.094467434782	0.0482621538407604	128.848858846563	7723.94850089035	0.185515344063282	3.24482332992698	-2.73697676647828	-0.0818830115694493	0.367845697983838	-0.155351681527370	0.358542127190499	0.379591416603438	-0.125635791687576	0.355011588919618	-0.0627202040502244
2	0	35.0876623376623	4610.40159398391	137	12.3651273585869	1.74335120785268	0.0711281413391803	4.80748249170044	0.0936384042444649	-257.626669621961	4.22656415027620	0.588282523576642	69.8132706362426	434.816846998759	0.519779675627596	129.150627764340	-0.0500463589813565	139.298538033699	0.160928063865486	57.1208045462256	1011.45856886192	-0.0379549609174550	2.66908637693521	4.67125369167762	-0.0812861710004693	0.159593041717391	0.0494845974725701	0.276325261070393	0.278612685113891	0.0678655567856909	0.171391461436568	-0.0586159091295784
2	0	74.2487179487180	3893.20426281628	179	21.0725963644882	1.88153254361511	0.0272090729783037	5.43492605791314	0.0754156435350984	-2078.59416828004	4.20040740284118	0.622745233185959	147.992502083914	350.021432494250	-0.0980607896847925	138.965688899925	0.896262259014900	95.0638433368533	-0.00136412218558459	48.0427982541037	782.259901839890	-0.00101217097090878	2.54071546312444	9.78852658901155	-0.0824743730626447	0.275403025013093	-0.0636889465651560	0.309626882022306	0.314112837628951	-0.0790164323550048	0.276045597020794	-0.0804754236142458
2	0	115.623376623377	-6814.40824431094	121	2.85797818904516	-0.552270691951623	0.0153576582148011	6.25460596414316	0.0105691558558420	-255.436440806001	6.94275196503801	0.288235916462362	234.163842112464	934.104592784806	0.389399015079474	456.540824328188	0.215869402088752	488.206415761981	0.144264098150185	223.624399416098	1513.95998679901	-0.0294157467988210	3.43653618823925	31.1496586609733	-0.0453181169486491	0.236487661133360	-0.0581187850025127	0.238495328664127	0.208419808475061	-0.0698629774879540	0.227408776446112	-0.0125342750993802
2	0	77.4266666666667	20281.1192112593	152	1.95015180508321	0.342294778975820	0.0114000000000000	6.70346963424577	0.00988431001890359	-38.2421754094577	7.03745705465414	0.324835036951606	166.034103010865	5020.27060578211	-0.117427540070810	449.388976998450	-0.743317399813153	737.057923420475	-0.318809699780367	231.205448004190	14468.4750175306	0.158703522416851	3.47720317352299	-0.165950973478544	-0.0761436747434821	0.346985582192397	-0.0847557238833285	0.326022888493896	0.315988373500770	-0.102599906370070	0.354084160081327	-0.0822143301831879
2	0	78.0530303030303	201.198358411945	52	2.93698787762511	0.313400380957876	0.0345372921130497	5.03123879089323	0.0133689839572193	-283.025639540884	6.56053660066061	0.335245532972299	156.638651033380	160.354451557947	-0.314472213375930	50.8954866958611	-0.196796876547881	59.5162007421752	0.0103227040086784	32.6873269484316	390.372832666713	-0.0363500209895282	2.33942417437404	5.32689449856025	0.0543813713206873	0.209655733410555	0.0270367276843544	0.178390332254881	0.209657390468074	-0.0183962610719552	0.238705782425185	0.0336870329869754
2	0	112.601449275362	8849.83269103739	101	3.98182360687241	1.22914428645430	0.0239795561156620	5.75466792969390	0.0243326508853291	-115.922940572447	6.20510596242524	0.384384192963456	226.392054347486	1199.19663042131	-0.352617696293181	119.668264313076	-0.179035795028535	250.468194235931	-0.127757912863443	78.0425436407648	2615.03473668307	0.151273164646242	2.90670140305954	-6.59572794818178	-0.0450236801306438	0.374097162655372	0.0361976046196730	0.123512615624055	0.200520716909161	0.0569023340089823	0.392868364608074	-0.0810641628215620
2	0	96.8874458874459	2821.05145755962	133	3.91508378466008	0.379535580776476	0.0188714604299020	5.97343402644884	0.0183745455854300	-357.069011908827	6.23378787260468	0.370909305932876	192.675291737155	480.100932643524	-0.844884791243897	520.824197039803	-0.390237551154445	184.046900839260	0.138899095055846	276.986903259708	983.938691721390	-0.0857195491772107	3.29861306364361	33.0152661140546	0.200524330247602	-0.139530110531985	-0.00176730815205506	0.281330791564236	0.298144779506645	-0.0473744300683029	-0.141260707014085	0.210298816228875
2	0	69.6660000000000	35632.0052605920	197	4.52653292916967	0.987730559700329	0.0157760000000000	6.42413531342572	0.0236501736111111	-96.8474797298650	5.88089630329168	0.463636419177895	140.707028399431	3428.02435254507	-0.312414810493593	465.605565323937	0.246102156127642	425.860825540295	-0.0854321025696346	212.215157031496	9908.71475364893	0.127661833505235	3.31223088537453	-1.64247285416755	-0.0564074410549750	0.304441121947215	-0.0698749630404756	0.301851083747210	0.311718748136560	-0.0158084180889242	0.327816337148951	-0.0803959984611158
2	0	60.5331632653061	2302.85382528884	99	2.96092781282005	0.451961121907228	0.0199461162015827	5.90369740248634	0.0145170208000896	-209.014654075834	6.55743489521183	0.378212925113929	122.930943399693	867.526436296881	-0.400427707074882	162.348488294443	-0.328914956337402	155.593724783425	-0.147319782398043	81.9084206277160	2347.92791010647	0.0850349741815089	2.76196650175509	2.96518801825397	-0.0145694155855047	0.283856416680892	-0.0314376210443812	0.237152380546664	0.257595202156844	-0.0442655563275028	0.305113216485469	-0.0413817368113527
2	0	102.583333333333	30594.8119907406	181	4.36080772970056	1.11957999415051	0.0147666666666667	6.39562897116120	0.0247712311921296	-160.831143753293	6.04781725164742	0.416567190095722	204.118164202316	2501.54583401244	0.709190740569880	531.749548136417	0.918088612618710	400.764248038250	-0.0128616304333478	179.430595393653	5149.23931702201	0.134154855169661	3.36342042444112	-0.801630248754236	-0.0483934886624497	0.333434649400414	-0.102937533008639	0.321100357848188	0.334432440431208	-0.108527969399288	0.349491809589184	-0.0728623744110735
2	0	114.961904761905	27212.2113180003	166	3.36378904263744	0.932391143055697	0.0152607709750567	6.35137247032396	0.0187278974378302	-112.455967962032	6.33863000317929	0.397972987437412	232.322007335127	2998.14269826059	0.291622575442579	270.810757808001	0.0878137032797362	543.915042726495	-0.0931473574458043	98.4259926975978	8861.18603484354	0.133838216847239	3.33847533362338	2.75160578316854	-0.193549902782877	0.473376460880041	-0.0582858193300133	0.273514710341240	0.281175578270613	-0.0593133465451150	0.452381226847509	-0.194259239820195
2	0	71.4120982986768	16750.3413978620	149	8.15379445616153	1.95921465708282	0.0292844865477182	5.60338157077238	0.0777625021481353	-250.215631623245	4.74794431584652	0.589371178826499	146.444892415415	1519.70646629727	-0.0150833675528172	153.548097075357	-0.00733435519591008	202.360326661474	0.0375615854646965	56.1590782573766	4398.36349932617	0.145090362141694	2.70769713501325	0.147879073730905	-0.117369877298127	0.369773829069288	-0.0907391796202868	0.337482380428123	0.322216606041113	-0.142984197675310	0.407579991542772	-0.0908844947377432
2	0	21.1515151515152	9067.94949892466	76	3.77002885340243	1.36339066265138	0.200933265868331	3.83284173686890	0.274906031951708	-14.2327494482566	4.22126204950772	0.617846334616207	43.3070954716830	1098.61558849384	0.0300045814865507	148.777012052896	0.115992426359740	138.635739250787	-0.0928620316623170	87.2581363503581	3027.81297476810	0.105969566804199	2.64920803281994	0.00570478102049066	-0.0819931410927412	0.247873734026903	0.0808499427578913	0.270746057891803	0.264523223304631	0.0890731084934130	0.210366501603007	-0.0766539522649219
2	0	32.1515151515152	7515.34855441466	122	10.2726723963032	1.73565205665808	0.0278064738292011	5.44425219871339	0.0332882875845584	-191.631133586021	5.35534348215130	0.443207427219860	64.4716781425257	432.603176579129	-0.0148060516857638	251.045033061857	-0.118438661476637	212.640325108052	-0.189879173934516	176.427112219307	909.376798094224	-0.0773277728395765	2.99645036206221	17.4922291713074	0.152207883032892	0.0430286927937685	-0.133533424095233	0.125337674413664	0.127428250841032	-0.117726309811210	0.0579544710196501	0.190578132402765
2	0	49.9759259259259	33524.3994679800	139	2.95640519245129	0.963403394512611	0.0159876543209877	6.35024052727783	0.0257895116826070	-38.7055292770613	6.22883814236176	0.440804472873577	109.574556691874	3919.04075126049	0.311656805677619	353.729034322144	-0.204768925908782	249.501518032562	0.0554350208194021	129.821606081870	11847.4042009730	0.188177384815934	3.02332332680405	-0.738341275835978	-0.0316570383401039	0.248096171987987	-0.0633420840847752	0.343028744142406	0.339831060880438	-0.0484877686177975	0.253097183856566	-0.0341410726978069
2	0	59.3392857142857	-22.5117035653548	44	3.59071800146234	-0.121669258799718	0.0520990803728899	4.47566098605651	0.0209311197698991	-972.596842301244	5.99570928327125	0.359778609075597	118.605156822330	41.9113804183356	0.0938541677987889	33.2620670255576	0.00544016045486538	42.7960489254174	-0.0148039474285484	21.8283168388189	68.6956072376151	-0.0989564461639676	2.07949496354448	45.1881546419936	0.0585737135657602	0.161553751811198	-0.148155526341306	0.0806729510599062	0.105726397161966	-0.178563616859943	0.145440709139233	0.0144010200417455
2	0	78.2180000000000	1075.76839646397	113	3.18113341077209	0.171928121474511	0.0192240000000000	5.96595618109162	0.0169184027777778	-268.440989575473	6.24909411985334	0.409614044474339	154.342424403530	1111.01149368148	-0.332225360416148	185.494711207920	0.00158128604998947	122.200372255739	0.137135877206403	107.329725311981	3594.44124287935	0.0575066308322068	2.82360976922544	8.11404243146143	-0.0157287755586171	0.136393164094615	0.0227827232970663	0.282571737204337	0.308566516758360	0.0268858232577891	0.143354808530630	-0.00395384512981423
2	0	86.5553359683795	37051.8111545515	227	9.92850430960725	1.97069911479004	0.0174350481963474	6.12643311500401	0.0509218180025633	-714.355733612170	5.00172355889950	0.521907861038296	176.182978240290	2391.32055411601	-0.170317436337277	342.779797661917	-0.147319558780892	410.545749905745	-0.0486792883629095	227.921611111266	7032.21798049979	0.0199892108178084	3.19429734042855	8.04385758916828	-0.0308992494262795	0.203901648741184	-0.0144492733468130	0.275478918279823	0.261213058903459	-0.00836638187047889	0.185653180385270	0.0292665176763975
2	0	90.2361111111111	5877.90913816015	97	2.05636440488522	0.441370992007398	0.0155466338734568	6.20308539078225	0.0117671576349506	-49.6726288778817	6.88530919004687	0.374199309419649	186.053550018774	1716.25644025636	-0.161169237438539	226.455948919092	0.154497965129166	167.449645228570	0.0687894326764511	107.635960625554	6011.34815816373	0.101353984397561	2.86132503945428	0.443119829592774	-0.0126301790381773	0.167205755965932	0.0248499327751128	0.318578294795366	0.318582201912436	0.0204912842647769	0.168324934133759	-0.0110267584417727
2	0	82.1645021645022	1244.29141287178	68	3.51600885106564	0.721482739396143	0.0292067240119188	5.37179065961531	0.0141993305258612	-190.409503082226	6.57461473084213	0.337449834220243	164.653871601861	255.695018170961	-0.0435653077240027	140.281092066427	-0.0802543250587222	109.207709281644	0.0229425710935358	95.0057726605025	481.568802669234	-0.0789417670312558	2.74981029899157	17.7924953282873	0.101819844475855	0.0569701969444196	0.0270614234598745	0.252476704604364	0.273312583194906	-0.0311183763967842	0.0955689452541293	0.00445714357853433
2	0	102.751552795031	-13669.8908618902	147	3.18315324100456	-0.811259977919476	0.0155472396898268	6.27670195741433	0.0173180529300567	-386.436614258928	6.43692712613084	0.367121826282752	206.365662564989	1788.51677924282	-0.487217561836938	465.091492118739	0.468198516525730	328.277104269946	0.0960611303019161	180.707473438905	3396.49893118625	0.0890453569576857	3.33999401623720	5.83972690739097	-0.113722290009512	0.298776343555653	-0.0891894044165263	0.357201269467661	0.354994571689346	-0.0759386171633203	0.301931454750401	-0.0901460955431617
2	0	83.2491582491583	1335.19020486735	86	3.06506016423404	0.419596634310324	0.0228094638869050	5.69315553248090	0.0158397109883124	-227.783272728123	6.35902068426181	0.408939135848417	169.630869219037	722.360537167730	0.0866478964117459	106.454918656759	-0.360723786561332	68.8320410172231	0.0511028827335612	45.1925540769915	2129.44951813771	0.143367392738614	2.49442754896397	-0.204703223183515	-0.00310541042562118	0.223756340896253	-0.00473159340931284	0.287081389578201	0.269254366711028	0.00810895578921311	0.198357684827922	0.0245008574871122
2	0	96.8430335097002	7841.07271271135	158	1.73367520372216	0.103787467511962	0.00880590004634684	6.95947085975108	0.00801783264746228	-52.5705269681234	7.22131069018917	0.320487571797332	200.364344832110	5739.39969436519	-0.454943153938847	574.161786239022	-0.532504579888273	667.150918080280	0.261375363450008	289.730477553640	18460.8543294288	0.0968805007458291	3.49860411576057	0.148570871393702	-0.0369814999411854	0.299681755402542	-0.00478847550666950	0.236932024920561	0.248129142258998	0.0105659535414614	0.293913406679975	-0.0508347147584960
2	0	99.0753968253968	-1076.23271862388	165	1.94118951547135	-0.0400529254042987	0.0117052994037121	6.58619845482627	0.0150702662721894	-313.174752718638	6.37178126637810	0.423467659729110	212.225781508797	2624.83604415135	-0.282262581686542	343.183837838080	0.687134893928807	369.575261009678	-0.0321132214416793	176.378848051932	8038.53698662982	0.150451413796868	3.12636573375209	2.76945251101338	0.0412911708682142	0.264125382917162	-0.0961988528672375	0.275769705982297	0.283201200498043	-0.101595928929452	0.282575838862782	0.0226597765283785
2	0	58.8079710144928	5178.67471619880	115	10.2988597967903	1.98680785420676	0.0324446019743751	5.34330323040611	0.0461351267326803	-433.238822387625	5.14985305631229	0.510357721582893	116.295561933211	457.281158760964	0.688448181537810	110.349086646453	-0.0974861205738504	108.139140435500	-0.132190482225741	87.9154470402283	1266.34934825552	-0.00994728007021428	2.62431505644142	3.14895397338080	0.00848720739943865	0.200470993129623	0.0274791432083903	0.216449950771041	0.185987361137041	0.0592603943439813	0.210229980697352	0.0391292616636747
2	0	63.0217391304348	16624.1689928794	174	2.91260413674026	0.351696647629011	0.0163570747863582	6.51689616970688	0.0123476026227717	-80.0657121586479	6.73072734577217	0.341801435889819	129.962385794226	3316.28671885612	0.621249868945776	732.646012673043	-0.769980982218535	928.377697070161	0.103830980026601	252.314596778534	7655.13565116072	0.0798757078814816	3.64705551913743	3.85266805546874	-0.104932695684197	0.366439669631659	-0.155977869145875	0.324440410763347	0.367570065925958	-0.135252180693495	0.367743712446034	-0.102026578716839
2	0	94.2561576354680	7847.16054261185	128	5.85742697643217	1.26751121123857	0.0199592322065568	5.91165858300591	0.0349410933812220	-184.916558397729	5.56281949256039	0.520412518086844	187.267820108587	1082.35023653197	0.364726245969507	212.092907327814	-0.165156813579140	92.7852772198740	-0.0718432323539960	70.4574315515348	2909.49107039389	0.120535729327454	2.63848796491680	1.13622930186045	0.0780340822503458	0.182410647300038	-0.0380997256330247	0.312038520377712	0.322776351656717	-0.0724886169877186	0.165807536963175	0.0389779911051562
2	0	94.8630952380952	50295.9494102451	211	2.55514691152045	0.582830345467980	0.00949546485260771	6.95004286904551	0.0124095006622687	-107.427324481009	6.73171674459181	0.367122948325310	180.116778456087	5088.26699601065	0.597354067902249	986.762788254336	-1.16583575916710	805.376003239568	-0.0448357760765030	293.700612333907	8988.72799347289	0.114321759588501	3.76579188231007	0.459482388743311	-0.140572157530123	0.372366307910897	-0.160035256094334	0.412648425914760	0.421670364212138	-0.160504294054496	0.381283200887014	-0.134841993475431
2	0	91.8951048951049	25746.0763996872	180	4.59461197031921	1.22109253802361	0.0156364614406572	6.33426011927954	0.0294784580498866	-191.913496698182	5.84159782815984	0.467587395540935	184.500752480860	1642.81428816636	0.272999889800204	610.355654062395	-0.135098866958265	397.813331875657	-0.205873445297394	285.642919582098	3642.65703532786	0.0497136896796331	3.35301395246904	11.7325976379677	0.0323044218261890	0.176546244701148	-0.137813405443716	0.289319283265119	0.340696899026340	-0.0749241145341217	0.190004353045491	0.0543079585346469
2	0	61.1606060606061	3584.59758755599	142	2.26539692985068	0.161581567667827	0.0111682481379451	6.63081241550734	0.00900065104166665	-121.499078104165	7.02781186817715	0.325588932739127	118.201275367808	1740.41974158864	-0.428597871798365	598.581457884159	-0.205014835676500	498.897826436947	-0.0314674535188087	286.491544329229	4259.17560805883	0.0915480604239756	3.35174976991257	6.65879375878043	0.0343842414880658	0.192417615795243	-0.0567765477838438	0.283182161597204	0.267785235276860	-0.0701044835563886	0.202203861678830	0.0377698869547078
2	0	54.1250000000000	17314.8841145833	164	12.5765214286365	2.42833558842291	0.0276080246913580	5.50666291022979	0.0755103806228374	-674.292135131397	4.61723759943120	0.575975843290722	110.927099863132	1127.79553631407	-0.186633035345153	187.851198265811	0.00625769856398991	305.303753948741	-0.0118262383074595	150.420492410485	2555.25347490875	-0.0144943629553322	2.90058128176978	2.68976419872058	-0.0168196215796728	0.302339754032265	0.0758797098626679	0.194106439033114	0.0910139763743345	0.0107545688930581	0.304018980682730	-0.0127006130885121
2	0	39.8622222222222	4181.46688772568	104	2.04646386025002	0.215035510142952	0.0416592592592593	5.80326312173267	0.0269799763755526	-33.9076246923482	6.63234508842512	0.373054453471305	85.2400734550005	2181.87056958299	0.202022965496171	386.618914497467	0.0298495282264667	301.462971624791	0.175620509644026	182.184959032400	5489.20509815117	0.112794225700003	3.23110158414000	0.127028026219733	0.00114424266174457	0.261268358751566	-0.0857356713845201	0.315319165548675	0.327063478185353	-0.0830664009570482	0.270700599129988	-0.0143353525082253
2	0	20.7913043478261	9794.31521985698	81	2.79126000969622	1.03468625426600	0.243215122873346	3.96989752712403	0.233490535076665	-14.5470393804916	4.57434883153124	0.584399890216555	47.0847654625886	1525.66359692356	-0.250412590100999	156.328960317173	0.119998287672569	149.165239461992	0.0259471350302476	79.2244716135628	3951.52496519918	0.265007386288533	2.55272898980076	-0.353735765818264	-0.0404933091865299	0.238823774336693	0.0553140195380367	0.266905732221237	0.256541705130213	0.0484301958421590	0.251678269187358	-0.0631769694164808
2	0	56.0856507230256	19774.4295634951	139	2.27943865027719	0.550931683189888	0.0111395556303444	6.67717826483980	0.0109657814770776	-49.7744378544074	6.96719524021457	0.351105056981366	113.718691766134	3369.32300354108	-0.117931293321747	438.026941120178	0.246432827118436	423.884784220316	0.184350664709612	155.113444669288	9079.93865497605	0.219816366261465	3.24623490090985	-1.85399871023911	-0.0560167031114589	0.318828779360264	-0.0745448507712849	0.325567105396568	0.319750232955236	-0.0686943554304121	0.306597263242625	-0.0410880092906396
2	0	75.7943805874840	-12271.6741447353	141	2.31493528219516	-0.419090667005816	0.0115562340867313	6.62550774903773	0.00883583886229389	-129.743278630456	7.14483776717786	0.296508026288082	152.880887213071	2401.47233509725	-0.351325515293981	589.561289633223	1.02470121127157	611.559007166598	-0.357694299384247	346.470263664936	6377.47571756567	0.0459303756076674	3.46301153786349	4.63911750752001	0.0321542711392442	0.199470525618238	0.00885993180605532	0.209050202429632	0.210241537333316	0.0171955459898557	0.222499529805122	0.0374432760381076
2	0	86.6433333333333	18524.5933894074	203	7.40851203660994	1.39296844429559	0.0184055555555556	6.13687593321697	0.0477370273919754	-582.664625426080	5.06238380556354	0.573100812813421	175.245875815871	1889.22889129364	0.168621008160860	163.367701111405	0.483428841587444	199.999386599923	-0.0730816967652231	78.0061728758712	5586.01730654043	0.169796353385293	2.86623050064597	-0.230826879802464	-0.0791522062631951	0.282477722627697	-0.0332350585807304	0.339498669465883	0.325209404882852	-0.0338958974421280	0.283459692798052	-0.0820166607720623
2	0	48.3184210526316	39015.6134141640	186	5.09132121472346	1.21669032232105	0.0309833795013851	5.94030295142648	0.0304287106452528	-80.5860052872127	5.68831922257884	0.441470207804839	97.7799087693208	2878.59801607043	-0.370418447271114	496.294785505977	0.230103673073758	924.608468721512	-0.00199632443136925	242.475606906016	6482.51654083916	0.0309934614290059	3.56415984087082	-1.84447275314473	0.0169187913990660	0.359055011372963	-0.153437114067471	0.258102191931726	0.309025474878349	-0.0945764385976193	0.370390427545104	-0.0303995280346623
2	0	81.9985185185185	171.912757195141	62	2.24948626251081	0.0929227869403092	0.0238507544581619	5.54470938818975	0.00992189349112426	-183.199425984758	6.96045656113619	0.322782908566641	163.595010973315	333.621506953710	0.805855600220452	110.609942712204	0.171361113129731	96.3917421947559	0.0411277000502380	46.4537064028271	718.313959532477	0.0723291526779588	2.61049519594616	5.46706601859614	-0.142186042605579	0.263906460734053	0.0127776024295543	0.334164641524448	0.334435331426267	0.00335977718618175	0.258515176966650	-0.133002572754890
2	0	55.6872427983539	29932.7492595778	205	9.48887277976961	1.83336915203666	0.0191874544869515	5.97799197148883	0.0464784807956104	-568.095271483557	4.94985521731191	0.516110024275429	114.530956368482	2002.51078451239	0.801375048034306	307.499293008021	0.624191125367045	369.525872555847	0.0862114206239159	53.4397478697666	5006.03692752615	-0.0627423778954351	2.63880003520419	4.75581575365561	-0.230716162395529	0.466999928266993	-0.304878738945058	0.342382917776473	0.497944855148695	-0.0795812985494897	0.439964258451931	-0.228354049646143
2	0	44.6948148148148	5465.27965832201	134	11.4087921678439	1.66042926050416	0.0274941015089163	5.50437938272118	0.0448331360946744	-563.584723804853	5.10599055306020	0.474652039793108	90.8515571509527	561.556494039103	-0.111268109585161	217.464672188429	0.417721184559692	156.862942712106	-0.000312858380051050	87.0700195358558	1378.05895146154	-0.0653990636734676	2.78057546918704	7.34468867208790	-0.140334545456761	0.212942679601888	0.0885323863264167	0.230007043524081	0.237170420108610	0.143560497984369	0.163240225095959	-0.0965102691079913
2	0	87.2844444444445	-2277.36615962689	150	2.35301607937467	-0.0787834518974606	0.0109585733882030	6.65864433658680	0.00859289940828403	-168.005419866046	7.11305575164334	0.278644732413652	176.353376199475	1921.56184759649	-0.554705478092159	710.222344383245	-0.231908503287425	900.577216959116	-0.0273098583988679	295.440675690358	4029.75051113147	0.0350712159997162	3.58222143153771	12.1582944818825	-0.123566485850048	0.365250133078618	-0.108702039065490	0.291039609788423	0.286082724780836	-0.100424455468271	0.379999509181463	-0.129250470419088
2	0	75.9458874458875	1700.46107343990	107	3.27444770801766	0.297990124034672	0.0194336687843181	5.95386997253439	0.0153434011548686	-304.204571216172	6.47522769274494	0.339239080222036	152.445711343143	845.518081465113	0.505678436040142	127.467373839281	0.315374035552264	219.790492118921	-0.0153591560616405	91.3597278897509	1611.66355267568	0.0611005105631182	2.99537836607766	-1.95264820021760	-0.0225088495823360	0.388301741346183	-0.0867181338538874	0.223779658982434	0.206383298844429	-0.0858352602245835	0.409666449040913	-0.00325872945889216
2	0	61.8995215311005	11945.6147381697	187	10.4887201854249	1.34436160272335	0.0184748517662141	5.99307987600979	0.0346743954698500	-751.873716934950	5.27145220066063	0.453995883132971	125.651875727994	902.125030386304	0.374960815267143	430.090668969433	0.222424926451006	339.980722963349	0.0602361544029558	212.874585381030	2261.49080293908	-0.113191888225862	3.27087342189264	55.1256492648010	0.0534220146034923	-0.0773552484880815	-0.107966125903409	0.189345976599041	0.120921432599248	-0.0126991449972553	-0.100318948850064	0.0133358901239014
2	0	62.2150000000000	-2126.48424825000	86	2.59263947960953	-0.500344488170207	0.0221625000000000	5.75424560909663	0.0119078947368421	-298.140515530281	6.71443947943665	0.292260083967545	125.387497954906	410.495159580254	-1.06000770442337	229.628340627092	-0.269305037036524	243.061161458181	-0.0683223844111009	141.555361498281	925.101431388060	-0.113896254926011	3.14226541083968	29.8098474636527	-0.0379841234595191	0.171324579130053	-0.0438437419445676	0.170834222328238	0.140697544163103	-0.0446098380830644	0.167485719084308	-0.00746286266470975
2	0	37.7971014492754	9388.52822175344	143	5.94942790596199	0.998251406165175	0.0417475320310859	5.46092666972565	0.0366115702479339	-130.783144579675	5.35230642255407	0.463838489893009	75.4870022943913	1191.27315331273	-1.12471928067256e-10	268.424647686549	0.0347080409069659	208.279522788655	-5.19444136826726e-14	170.921152410114	3111.93118065275	0.0273879649658035	3.06019387604050	3.35616139917921	0.0754084545525265	0.00445560897725350	0.115471668571803	0.220866626537431	0.262225111099581	0.149375492568605	0.0247781870234793	0.0417373134512964
2	0	68.7181818181818	9783.98969797143	181	6.23560245508252	0.909150738473885	0.0176661157024793	6.13219039811025	0.0387791264921946	-566.736599171136	5.33307002181758	0.535313707887238	139.954411552255	1582.47040979697	0.367314910054947	250.927880004434	0.293907579230052	256.669487679490	0.00691087445735545	73.4955227996702	3716.85068957704	0.113178961705654	2.98091750035269	1.15253746088251	-0.131916369488612	0.339183014983718	-0.133643286510017	0.388655418730314	0.372830528186450	-0.105661283511513	0.380136428623956	-0.130612911752674
2	0	60.7081481481482	61.1948313700150	37	3.77874997195084	0.418142852987588	0.0610611796982167	4.30628492240824	0.0185739644970414	-401.779100441508	6.16164253556324	0.333494047666303	120.846149782850	45.2708158311902	-0.255572144232507	27.9889653990256	0.116038315537760	21.7594970869478	0.00250052588451531	16.4438053538426	115.860021060255	-0.0766218624658158	1.86111247203590	26.6440508540295	-0.0422471849213970	0.103638331869151	-0.000611885829119530	0.190190292569002	0.205937725963846	-0.00218120879318207	0.123177946377282	-0.0163542103702525
2	0	81.3498023715415	1976.02510161460	72	2.35653413321923	0.513197923214299	0.0217313190332610	5.71563336755741	0.0117536617671643	-86.2438936807614	6.80036743958547	0.316134509214637	163.970596663907	792.737988479528	-0.0551220308779786	86.1474087032921	0.261276199191653	111.769061175769	0.00968442378610096	51.7485592806811	2580.42204206740	0.0456414752601375	2.71759839754112	2.60241827418844	-0.0597245223263807	0.299579486458782	-0.0722853022133330	0.305364899130847	0.298885083358705	-0.0490134027482752	0.299988933961423	-0.0526819864022272
2	0	72.9464285714286	4051.16047057216	110	4.05669943014703	0.942546701863608	0.0208928571428571	5.82386995982840	0.0230259166686889	-212.188540612739	5.93643673462047	0.423768861476773	152.032684904295	939.118323092643	-0.0173125997680461	73.0588426034114	0.493211268245357	238.978789138573	0.0431432525802314	65.8563375959533	2841.16730271391	0.0697048840939112	2.65857749353850	0.429315682246056	-0.00169681369677877	0.367750268077931	-0.0459823334377312	0.154750587422716	0.153800063695609	-0.0235623679326604	0.378636218438565	0.00794902338620318
2	0	100.725925925926	4963.62582086065	103	4.44614296021207	0.912316540608293	0.0250205761316872	5.60828803134681	0.0200617283950617	-162.396367257820	6.14034777069871	0.421336831100102	200.478219179750	785.526396975541	-0.628168783709547	237.915090355293	-2.98705055135073e-10	210.888338128359	9.35932841644727e-13	50.9380921232489	1622.33777568528	0.0122159209027293	3.00284832381147	0.742207793856551	-0.164547090998455	0.364317525671056	-0.130914046988498	0.426650334623098	0.430410223645175	-0.0784269853444561	0.340457488492838	-0.195123714866973
2	0	95.6666666666667	354.425925925924	77	5.16672229244275	0.331912977778924	0.0444637345679012	4.87423238346250	0.0294718792866941	-423.713084489074	5.59594647069511	0.458623528505881	191.542986979788	251.329611853642	-0.107056521514357	94.3588479013652	-0.115445702913031	39.4047020716343	0.0318572688674241	29.2839092801210	417.068344138090	0.00758758932386816	2.56808632197758	1.46961812627887	-0.00752387635506047	0.130871793051306	-0.0255363684422285	0.423790385837396	0.411944755210882	-0.0512765665900297	0.124542833807055	-0.0220310676465090
2	0	106.266666666667	29703.6023703704	158	9.60727501265263	2.20995261522989	0.0256515775034294	5.64178994771285	0.0484536407155455	-127.630461288476	5.07447066944628	0.524883676829994	211.396803532526	1272.20417910475	0.771408147577384	354.893203404194	-3.14973935822138e-10	267.887958024295	-1.14947866040419e-12	135.721917412934	1867.28691857820	-0.00261666064478860	3.20996867100585	-1.36818051794762	-0.132284012892285	0.325570054426515	-0.0895254916393822	0.427262524864477	0.432761546782089	-0.0853844369498855	0.314582018782144	-0.179602127983145
2	0	83.4277777777778	48233.2422095336	214	9.05216177403604	1.91541890430528	0.0188425925925926	6.07471652208253	0.0413192041522492	-248.314063106606	5.21156677189555	0.513587160765001	168.093903714438	2689.77149385513	0.389399866905975	487.581790620553	0.0845963690018212	435.814468726412	0.00882563611819209	244.485368190988	6689.99619499791	0.0847776271342313	3.31274751899167	-3.92696414679244	-0.0431349252333432	0.227866974246003	0.0815401528109696	0.221347636992232	0.282153996864682	0.104679450625484	0.190777925995912	-0.0231308592401334
2	0	74.0482954545455	18890.0697387879	214	19.1896009153878	2.40311795626826	0.0237764721074380	5.68711443185421	0.0559497236394558	-733.763498235735	4.60313873911152	0.576933910369301	150.139080212160	1014.57459399668	0.0380126856726741	267.815313924977	-0.265449645765463	300.610448071000	-0.0115023886514173	128.275384689428	1999.60024860542	0.0168793855598151	3.02228943294745	1.32724318919884	-0.117253799314346	0.316784573471482	-0.0471942336968181	0.289389273183423	0.352219062171569	-0.0587155349219808	0.287373055695376	-0.0455891284624279
2	0	41.2474645030426	4856.38070727848	173	9.24262533701339	0.967290270266380	0.0237112680982024	5.65374997605858	0.0427957947885037	-686.242343878149	4.94080579590709	0.563988801807274	83.8622881563855	767.204952918014	0.0692364504833512	238.403650190838	-0.0686873807402269	142.301612178399	0.0341656669988854	57.5318082112666	1604.42354840607	0.0751464793755929	2.71975795724210	0.892856009690945	-0.0681827748396478	0.270808719323254	-0.0508907884099874	0.343657505107326	0.335120007782278	-0.0581788902068484	0.264002200005423	-0.0592460599753579
2	0	93.8491228070176	8960.90629801342	145	4.48928991245793	0.682555079934235	0.0173468759618344	6.09868011656633	0.0199931412894376	-181.480502389822	6.02316041345332	0.451058897858202	187.977432821335	1392.54463387159	-2.80080485166023e-10	335.095665917574	0.408653322001700	228.385565225436	-6.08809734651860e-13	185.924749743582	3367.56169182404	-0.0251499441955421	3.35606991953536	-5.53886538960580	-0.0880188671841166	0.169488786278562	0.0926739373530765	0.333935381205276	0.356304740077604	0.0934436703389392	0.172563752553829	-0.0744830460496928
2	0	70.1166007905138	-99.9565265247688	71	2.63868637511597	-0.0482897617903380	0.0254807917636582	5.49750732116861	0.0111651355781709	-264.136131203037	6.85057147957275	0.281578595385643	139.870144882850	322.917170059269	0.0937661347358233	130.604855847294	-0.454138611414650	136.722140573905	-0.0474006587569017	86.0206170716528	521.837764797404	-0.0452702557929183	2.84400932576826	8.01955353294989	0.0756559854367893	0.175296106804300	0.0520447137577218	0.130262304728965	0.119166259867209	0.0750075662921996	0.166378078683267	0.0907926398451124
2	0	94.0454545454546	23740.8049942662	191	12.9163471843565	2.11514612943030	0.0191387559808612	5.94203057084017	0.0470568652206959	-253.781268794934	4.93810330578023	0.573648815692159	186.823813262505	1257.62162047279	-0.445582935433087	238.707516903114	0.130555056182601	227.176235383999	0.0376900505940579	92.2509134012666	3593.94184025341	0.113820005365789	2.96786806484625	2.68060877945914	-0.101888929427238	0.268581515887711	-0.0684134437267980	0.371514618680304	0.374708394395052	-0.0550406570094388	0.286972527649731	-0.105191366101316
2	0	72.6033057851240	52921.3259704295	209	15.9529868453965	3.03927114035308	0.0231370808004918	5.82436295707904	0.0768913626056484	-177.093271644475	4.55886867312967	0.587330534010790	150.769105411126	2834.20322715932	0.111388154123063	254.027905771597	0.0977728821067806	336.794766027638	-0.00590663166705890	71.9565459479754	7044.33142565682	0.117372092173431	2.95207397239749	-1.18389754654839	-0.191686168433288	0.403458373117369	-0.0821306347991841	0.355717109381566	0.369824907623849	-0.0576196723823329	0.417093750893860	-0.198676164456501
2	0	51.1397058823529	138.492567815406	46	9.58034721494771	1.35348371027318	0.0688837626553890	4.12541656688874	0.0411333945342843	-842.820765094044	5.09618037167483	0.476921668257336	102.211194799966	40.1997983453605	0.0463277372446530	21.2505320051929	0.0176436492578460	21.7520914277741	-0.0165051465777073	12.9289864008354	56.8242937786362	-0.0249306662705709	1.68482393752444	17.8373296945874	-0.0211915831989593	0.149985558221306	-0.00570370276368060	0.194898130727035	0.197416822581140	0.00159704006910388	0.154374419787786	-0.0203495749997131
2	0	92.2104347826087	54073.3309034445	177	7.05484489902808	1.94900988245173	0.0184892249527410	6.12228417225597	0.0387851239669422	-83.1174085334808	5.51380003061632	0.506884458535149	189.195059534387	3422.23031482410	-0.261193047964551	267.189188234437	-0.107873306678475	653.983179712342	0.0346410420489050	183.199011080065	7894.70231203592	0.161645470321793	3.14869900298786	-3.02714438036503	0.00985300157015867	0.389640425754080	-0.0465947686679040	0.176422475570804	0.195285346545040	-0.0228120275429434	0.388336126346989	-0.0595030372978904
2	0	110.107023411371	2695.27778418524	101	2.09933786026423	0.240100092609668	0.0162749857384146	6.15413115267127	0.00836226710352585	-106.787150336455	7.19271051592109	0.289366397024542	221.635187039967	1240.05349474494	-0.570262639133210	299.896553995326	0.303716636286002	357.076168281616	0.0159747538148938	128.884306881707	2389.69020834234	0.0821429428289846	3.18830734103448	0.594915945129515	-0.0600367650818009	0.338124252873309	-0.0798834687607921	0.291853694846607	0.295376908617619	-0.0804162576241270	0.366738678019360	-0.0765799517066768
2	0	78.4891640866873	8349.69551116679	165	6.91382878802385	0.896648089871247	0.0180295028228009	5.99080165632607	0.0297134695290859	-498.607699989007	5.46900426671957	0.490759484487798	156.260714597419	1252.95944940917	-0.495355293036699	279.563837899945	-0.236198519330833	225.394995448836	-0.0253516724730911	114.478982283306	2173.61573482863	0.0453152574261158	3.18337493648270	4.95897942174156	-0.145309066549760	0.281428231216339	0.0326045877868539	0.307608535813956	0.251227876935836	0.0822568855496344	0.218239106320258	-0.0880698799852624
2	0	81.6704545454546	-43.0289379460938	75	2.46499994587799	-0.0140052466905661	0.0222520661157025	5.69800912249780	0.0102267573696145	-153.643035404013	6.86834636675184	0.344992446448687	164.634546306647	442.663216074243	0.135382788608070	196.871575022815	-0.132143146052086	97.3788944336194	-0.107406784263363	70.8292876811603	1006.71434085508	0.0242059972377859	2.84924076752062	7.29957124351677	-0.0835810544118649	0.144602679300959	0.0436191189299240	0.361188442265119	0.374796711294867	0.0374447709416330	0.148293185326398	-0.116173968035966
2	0	97.9866220735786	-1263.70387834693	84	3.15129182184349	-0.435165795076832	0.0249549781322357	5.59733164474411	0.0140718336483932	-407.898672861354	6.62154886324176	0.339763524164186	196.718584678267	348.213822333625	-0.747923371877820	218.305537967820	0.145672797544032	138.065570843083	-0.376155120532611	67.0154312058356	571.258383942748	0.0341956343912624	2.82042556966818	9.07048902407178	-0.0627333621886024	0.135217858349409	0.0323412449660614	0.353774017362995	0.344495532047303	0.0423085327454889	0.105513981631116	-0.0449607845354905
2	0	73.5341880341880	29317.1027170734	205	12.2047216255269	2.20048673927131	0.0184170583030982	6.05248303815958	0.0478913580246913	-351.109930314955	4.99051709290269	0.536177680685637	147.858453033488	1556.25625231446	0.110577450808157	242.922705235763	-0.477168212382254	306.410517721135	-0.0410659728567764	126.364572586185	2870.68857117569	0.158233582468567	3.02486591632979	-1.44241579264087	-0.0695360369023512	0.359769543652158	-0.103998895150602	0.317194835796401	0.297989757937751	-0.0946937343963250	0.358873185254790	-0.0462484227690858
2	0	93.4943977591036	5403.14292740769	172	8.93890497440941	1.16512962708062	0.0219224944879913	5.73977703228824	0.0603780538845474	-897.665523828458	4.48816052389818	0.671348736054618	187.905875678592	1094.38530171457	0.104065025758119	158.966250123683	0.0209670288969917	61.6124315961330	0.0453337956310740	30.2091598551542	3618.16821969135	0.120362389936760	2.28630080665371	1.06431635224317	-0.0253425723493299	0.0588100074599467	0.0581136513391884	0.416158990460234	0.396538439074391	0.0465357862275271	0.0640241229536684	-0.0261901616584765
2	0	94.3224400871460	32932.4142920118	160	2.93996161681359	0.920546580111088	0.0195508849872556	6.19214784930957	0.0509766384799656	-64.0024774649405	5.42914695936563	0.578773355571333	194.186948645350	4145.96816520365	-0.0148291689680776	403.385342701771	0.172118505913384	134.150242916469	0.0814662737126399	62.9367974614941	11588.2287392111	0.258929856070649	2.83999923487423	-0.755550945396749	-0.0260249014234528	0.124370197958901	-0.0443801785724860	0.462094383751456	0.441844292306904	-0.0645688342543620	0.189849568733543	-0.0766079506775697
2	0	60.9078260869565	1641.00911959760	78	3.67322020293182	0.696282719828970	0.0282102079395085	5.49377553062168	0.0157447883847931	-219.471720288573	6.48547331976732	0.338721670480081	122.678791134749	440.100834019599	-0.277117209048809	133.441551066567	-0.355604952991294	114.114096078413	-0.126882163554977	53.5036014361645	911.386189166838	-0.000861125405308805	2.68732487287869	6.27035128774577	-0.0575619553662230	0.271225345335397	-0.100022657156536	0.320508123833941	0.329864799089417	-0.0896666186946326	0.280640391372543	-0.0592049774809240
2	0	118.811403508772	12201.3112605835	190	3.94982509619296	0.533713979174321	0.0139562172976300	6.36376708937737	0.0193329903978052	-245.277227422317	6.08811863078841	0.392637801664909	235.864609664277	1627.18268559202	-1.21017615593621	711.338051551476	0.633366758599976	454.632310541232	-0.0156204334137603	272.351010076318	3578.44729154201	0.0520386422904140	3.47666381603933	11.5934784680163	-0.0393659984614545	0.124894178173587	0.0322272953251730	0.334716226673350	0.321996648616192	0.0140216543613321	0.125041647869226	-0.00560774197069947