3	0	113.643598615917	-40.6982211008905	33	4.17938892799628	-0.411337270541604	0.0683540666419224	4.14742201998256	0.0212208044982699	-1003.59858136574	6.02162096432422	0.386515333539555	227.023704933895	43.5901009405359	0.0283638296405841	21.0384984106137	0.127751490713778	11.8615813431245	-0.00759672139814869	11.1994896202299	132.913133899549	-0.0869765737162593	1.81153319464329	0.00134945998872082	0.113310379756257	0.0727591617395262	0.0374266166071067	0.305359496710764	0.266553392097613	0.0305002718875755	0.0572441363795519	0.117653194419631
3	0	52.8566176470588	4918.57500041742	110	52.1797908228891	5.82648129708792	0.0573907871972318	4.37571456475527	0.168189158016148	-1008.91759469216	3.05706019828553	0.746104153921067	106.017918251241	286.294956270845	-0.0592663623973746	35.5640331630158	-0.00900951737305240	53.1078310514704	-0.0134168322738630	22.2130344890718	739.255486236685	-0.0711097518001259	1.98257124993642	16.1985079890134	-0.0744243890100682	0.182610088807660	-0.0360326820508146	0.345875322790526	0.181081283816113	0.0604775010099168	0.130382191235910	-0.106357093393690
3	0	83.2403846153846	7838.73978187581	114	25.0236988482531	4.32404029098897	0.0801849112426036	4.16589183869820	0.183401219492206	-272.163712147982	3.20116925528979	0.716651935199023	169.105591508330	685.875200633691	-0.100958578603442	49.6196544198322	-0.0317769172283446	62.0796485501964	0.0203296062178332	42.1798157600895	2105.70327562097	0.0536226553776394	1.85532517776892	3.83959896279066	0.350753597634466	0.128577512975383	-0.0927376011806445	0.116575393992832	0.128764706386633	-0.0754049632209117	0.183126092134586	0.212085036888823
3	0	113.481781376518	-0.315936793821222	26	2.72409993803246	-0.00339763213244823	0.0752839744955662	4.02539313324021	0.0136765833881218	-273.442242676097	6.57695950201017	0.286335213485758	227.360844301961	34.7005417341007	0.360329684444400	14.8433050864753	-0.0337614283281768	19.0150612973619	0.00913276520459781	13.2101884483774	73.9277744203998	-0.0814074456913770	1.73636775998018	0.00111675379522702	0.125876986197284	0.152809897022422	0.0347083632824052	0.189248674406890	0.173730029376543	0.0422491931670379	0.187810158528933	0.0932770321788894
3	0	132.384841363102	102.434609359698	60	5.02782730413992	0.577013405576128	0.0698921984366219	4.19721228626493	0.0383067752437122	-1165.66375877558	5.17953016546902	0.450884484429899	265.147027041198	58.4001498437892	-0.168298518477148	22.8069958174796	0.389460484927564	24.7648279021802	-0.0457157482797554	27.5647536392694	168.533945906336	-0.0769802926372647	1.82980852848209	0.000949466254270744	0.123543756525322	0.151785027074979	0.118509180456655	0.105614683354219	0.104145071301701	0.125654338835844	0.148956152913541	0.121801301884034
3	0	132.321428571429	14.7418800109316	35	3.01596266144385	0.116640536125770	0.0744628906250000	4.04283679763727	0.0185367070865807	-515.354308682768	6.22823495579346	0.331905037833294	264.723062809455	37.2848128903709	0.100555349598561	24.3566855893857	-0.371395449471524	23.4569115099544	6.78488676752946e-05	19.5431406191761	84.1576405298232	-0.0895349735886314	1.85650644229321	0.000943603969902777	0.153505621555141	0.144755913348334	0.0817643458343014	0.144767440723186	0.113418864653227	0.0709004694081941	0.146944462337828	0.143469749078463
3	0	80.2666666666667	445.338666666667	62	11.0223822973203	1.50174133904420	0.0712208504801098	4.24140244403799	0.0555632449058055	-1087.42771340955	4.74533780675955	0.539828080479280	160.422944202320	118.386976873385	-2.39024916526276e-10	31.4518135907221	0.0737065947106722	24.3893196119579	-1.09801057135428e-13	12.4613068882624	271.968703788117	-0.0364577133699655	1.93037250969259	0.00162503425794699	0.151733640979526	0.145937543959402	0.0597218714122310	0.155901117530185	0.208644663594143	0.129276426201252	0.258012646023047	-0.111125445117068
3	0	71.6411764705882	-269.534407083249	37	2.36499853113384	-0.530076055416267	0.0465570934256055	4.68536766954398	0.0194140625000000	-183.022673852911	6.27750286782023	0.442954284698008	141.889414655488	245.646484393151	-0.0502378124511990	15.1802901046221	0.0151154357083772	10.3872447609069	-0.0190099501418589	9.98369576352056	860.872643701743	0.128875047048395	1.69781102794338	1.76073863282403	0.00753372675796005	0.126209777343149	0.147014449411063	0.198249170486037	0.208355302567497	0.160101808919563	0.141806370228508	-0.0123143020844054
3	0	131.492500000000	11.2864866562494	28	2.74837491012661	0.0733877752413741	0.0721250000000000	4.11071314115445	0.0156198060941828	-215.050694730746	6.54358850710251	0.263895804102067	263.729623657222	44.4019753027195	-0.123753469548915	19.4549471855527	0.0242895079404788	27.5829091625542	-0.00609471976748601	18.4356241493077	106.604878020912	-0.100282307337017	2.01249522605961	0.000973502118757269	0.136235612392383	0.242293542190339	0.0626344913497690	0.0609132344193313	0.0664359926677918	0.0782702877831696	0.230926968741024	0.121902957751900
3	0	101.437500000000	43.2605129942602	36	3.77300735237593	0.439606936772444	0.0786098240316535	3.98568916561376	0.0238278953556731	-558.867510857135	5.83150121879805	0.387310924354904	202.822968962141	44.6219111584895	0.00839136274662148	13.8897479791210	0.172632260915684	15.5945759403168	-0.0731300676167968	12.4966616991246	141.445193658534	-0.0700291077383417	1.62998343686101	0.00126996105385710	0.0679699471709938	0.189592879062445	0.142516807682398	0.0978304397260388	0.108287599653707	0.137599059005410	0.186635838220823	0.0691745840815656
3	0	127.099130434783	41.8382764448097	37	3.15552797763435	0.220206592350399	0.0698041587901701	4.15970053878621	0.0156413223140496	-431.136808857262	6.43324736590646	0.312761825758095	253.874828885598	61.3723313692339	0.0193030709445278	28.5248775714890	-0.0142997003487355	26.9526844375109	-0.0607501441083552	25.9730453417115	158.451237022572	-0.121537847842222	2.02343719406160	0.000991151890291711	0.163620146776083	0.127923574859366	0.135070454806723	0.118443842336063	0.109430277764915	0.123935635385180	0.0957463281462196	0.126253791171280
3	0	67.7233333333333	2.37487874074083	20	3.50488302060834	0.121569325843414	0.123838888888889	3.31314805415942	0.0319062381852552	-766.583357957672	5.73690774397058	0.356293791070860	135.387977138630	8.80135265112698	0.0429829146609034	7.09048350489726	-0.0507850895955315	6.79135569498828	-0.0593316280505882	6.49139006868207	19.9348657185818	-0.116379209496685	1.29668440934841	0.00193247580693945	0.136955961439796	0.0729668587670602	0.125462586963963	0.194425117840666	0.207332593255860	0.0827575728783216	0.0458010292888673	0.132849170307850
3	0	90.7111111111111	-8.36340466392307	20	2.70563995912850	-0.157035707082029	0.0748456790123457	3.91372689751710	0.0118027769228139	-298.173268766316	6.77734956023852	0.287124693755006	181.549126026275	19.7187873924447	-0.190006347449830	16.7116240100913	-0.166119360538774	11.1160211638130	-0.0434860325334427	9.65360241059077	33.1118373860625	-0.116118069004359	1.71931727647051	0.00140480513749397	0.140211556229517	0.0789356302304327	0.0583885712353358	0.237996398850214	0.218790634232924	0.0687783948110621	0.0501365162259901	0.146041702138405
3	0	105.606929510155	7.32057986325052	20	3.49322682711433	0.261255827458440	0.110448792338799	3.50969079171636	0.0267295839516283	-384.878647060281	5.97651496317794	0.329672551188160	211.328406973184	11.7912868480568	0.0705620487427830	8.26455268303601	0.0300301574644589	8.40592082627975	-0.0434990724089068	8.19718371652229	24.3878859991381	-0.0664027503948858	1.36367068063802	0.00119450565980096	0.136441226933556	0.134433999914975	0.132301413758483	0.108360878057624	0.106416355182915	0.107003337809900	0.148933900137195	0.126060619448253
3	0	84.1200000000000	197.558365090908	51	22.1978278565459	2.57831141381810	0.0949157024793389	3.72669283351714	0.0574258503401360	-723.610673295978	4.53619955384125	0.512003648931711	168.086388912210	25.0131576516986	-0.270959639448048	16.2074020626752	0.116288816743278	18.2578502835681	-0.0228852695259028	14.3713343799249	60.8476588954096	-0.0950572520317455	1.60235622410913	0.00148912692294052	0.140150223543969	0.206893068699952	0.00131100728300737	0.133396640583353	0.143018184134363	0.00831878700449806	0.215017773963972	0.151766529617419
3	0	86.7145748987854	2.27427890608547	19	2.80857999800874	0.0559123345817189	0.0907734924355423	3.69890681854674	0.0182970815983636	-224.592966649243	6.42830586485988	0.332898816581277	173.141487538058	28.8106945302153	0.169610483710084	7.28589707849703	0.0669878157259405	8.60779391744959	0.0132947972531050	8.37147941067088	86.5318504872622	-0.0980594227688028	1.39078602766314	0.00144731338311632	0.143613471447338	0.115123420952500	0.148900001260273	0.0888304741315125	0.0932228077319621	0.172965753175134	0.102450229963779	0.135218208177093
3	0	103.500000000000	27.0073529411765	23	2.74064539334505	0.310124232030059	0.0714388696655133	4.03436928329638	0.0158250596788194	-144.870872276365	6.52783782762143	0.368382926321555	207.725762429059	61.1204718969505	-0.162380409632654	10.5467908290100	-0.0758014201223704	7.36595760243226	-0.00429156525039597	7.38757311272302	165.358266045795	-0.0187594212690057	1.45286443420593	0.00132495676382088	0.144203797260040	0.0682503464215643	0.0807348438180213	0.225054894064110	0.214331675845017	0.0952933686749873	0.0577769457261184	0.114067071781164
3	0	84.7390476190476	15.9513990731019	25	2.95497453078280	0.182517373572032	0.0728344671201814	4.04949038717143	0.0160900000000000	-213.828522082611	6.45885537645803	0.361985446866136	170.511878536768	62.7162438186917	-0.0236303373298351	7.32049528006375	0.164696433567098	9.45820928678680	0.00715777692750950	6.98365923580702	216.910990317129	0.0129947877110058	1.36248506227057	0.00150476060758675	0.153741607214315	0.241856224820666	0.0329973517953874	0.0838827154214883	0.0707144832342976	0.0272002799762987	0.205826983449299	0.183028444960428
3	0	89.9575163398693	2016.03025161821	63	6.15691197215516	1.78209866352796	0.0534409842368320	4.70144628396251	0.0343386693166987	-114.924128510934	5.58286430211723	0.442031277241219	180.569712701170	207.938749219069	0.0297518080915205	23.0763652007746	-0.0488769489602308	219.422565191609	-0.00658201485868197	15.5222660977515	354.850270403372	0.0406210818028872	2.37236167795977	17.2386794446738	-0.0401395637120956	0.597403142267510	0.0999891848613599	0.0481387004014309	-0.0189004251473648	-0.114319550022621	0.349742957927038	-0.112348781319668
3	0	131.990384615385	11.5276424527766	32	3.35295221904584	0.132595586493782	0.0782996383957922	3.95871310855400	0.0229653471437680	-1050.14826529258	5.99383781862831	0.383246703456149	263.990579532657	30.0044447871919	-0.115847615359603	18.3568266515467	0.0235172148217421	16.5815733813501	0.0138847451184745	15.0710891293040	65.3550984931367	-0.0703291731627994	1.72541525070928	0.000941655070142891	0.101507169188864	0.156511773392666	0.0996847956097327	0.172263677597158	0.139731804170680	0.0719696437344446	0.158728388266297	0.0989206552126234
3	0	119.941176470588	-42.2261856299611	33	4.24234410403718	-0.464518120944449	0.0803056516724337	3.96766181053772	0.0248919093935806	-1081.12235609008	5.87386154628437	0.364423173224642	240.155558905879	36.5421859601924	0.0797457350803333	14.1229461800666	0.0377309250529567	16.0942735581939	-0.00639868890197028	9.98646236791897	46.0411949011501	-0.0502688120502161	1.68691440883561	0.00102033263657254	0.0838554808307421	0.216853134827801	0.0209251979196097	0.211462577751377	0.211990561032763	0.0324785015477715	0.182567620783402	0.0403081699436143
3	0	92.4101382488479	3962.87755973026	153	240.987919123763	13.0485493317827	0.101686876623698	3.60415278666385	0.267732426303855	-4481.15070679999	2.24861466210770	0.763884901245307	185.386360070485	73.8053215886332	0.00107184722498461	28.0468303086883	-0.205018107551928	36.0377229706782	0.0214963128393784	15.8960613054190	74.8742765851390	-0.0889142991951506	1.50739039207754	0.00195761162709321	0.209065790266045	0.172731131031206	0.229465245291284	0.204029777376888	0.212138945740726	0.0260359999526436	-0.0971223553846556	0.0441683204872732
3	0	134.434027777778	-161.659139081119	91	15.2949470034366	-0.556602898358356	0.0614089023919753	4.34204708875973	0.0828525388573829	-12098.7334848508	4.05046724739544	0.634445404797463	269.576912974680	77.9923243176338	-0.338921074152470	58.8488224662464	0.257233237466140	45.0647439484018	0.0326420102395887	30.0801426629801	199.537194026053	-0.0282447043674851	1.88597763550669	0.00101485361106954	0.137806416888608	0.126897119541411	0.0571816627496773	0.290139941892193	0.329338147312711	-0.0528048890439052	0.0345553399175742	0.0767492242337085
3	0	111.141868512111	2693.18886222552	84	13.5164478762589	2.39183085662547	0.0409358125501371	4.88470145292823	0.0521328935986159	-295.215444229057	4.81372045506080	0.559231638156362	222.189805648661	270.924580788402	0.0472743926850323	115.177530206664	-0.188125905886648	39.2844746645443	0.0180230701843966	36.6622356427017	631.776808284259	-0.0306822874779031	2.35394433285597	0.000921462433467496	-0.109445447012144	0.0506668848767546	0.184092568905823	0.405205280720663	0.359833515796796	0.176280855176236	0.0291614181956419	-0.0961514218323885
3	0	115.911111111111	8.75161120909268	23	2.96883894555243	0.202482897307614	0.0886772486772487	3.74850150335012	0.0142377575576345	-412.199976539442	6.47514460530366	0.316928579912485	232.052503216329	23.0190102573511	-0.0336263483759032	9.32619731338644	-0.0214019417206183	10.0321998246373	-0.0260061141371172	8.82116283402875	62.2421002847201	-0.0834414335619693	1.39449322458389	0.00107787581613966	0.135200393470257	0.0889321049966156	0.161507142403480	0.128501517738727	0.125050670504208	0.129913215297364	0.0831570024451764	0.147024720643685
3	0	98.2880886426593	1257.99987671609	63	13.5579129270231	2.40777344348211	0.0590311615165629	4.42277316765862	0.0574236517218973	-411.631997945561	4.71429873856141	0.589325239291396	196.726482824686	204.592217283545	-0.163025286559576	10.4581644784767	0.0296646840228484	60.1680985933776	0.0194756445250569	11.0057340443663	636.951796187473	0.0189103694765372	1.77544038174333	0.00127695527161058	0.0623470143438762	0.306464946454355	0.0605539941627740	0.0868516185013455	0.00402575639810721	0.0908481430109340	0.408528058323569	-0.0175829947695547
3	0	84.2611111111111	103.217086076818	46	3.26478605115871	0.355821741842769	0.0526234567901235	4.50497542058129	0.0321466434116480	-366.379380649814	5.37894016629977	0.538350558874653	167.775555930032	139.980259651987	-0.0212746456996736	10.7123028009539	-0.0360791410131746	26.1119711750964	-0.0118861926270364	9.52109651915493	496.369875519473	0.0454189049923007	1.59031990701544	2.88240745647022	0.121329710115901	0.212209693645832	-0.0140095771663979	0.189693847574425	0.158947483796794	0.0485283284467890	0.171572569186822	0.0769576713539664
3	0	94.6549586776860	7.30312685747180	22	2.55928140129713	0.103411208309871	0.0778720715798101	3.90545770832531	0.0162642191862971	-220.022992026678	6.41290181649349	0.330974118621178	189.887541906891	42.9221206018436	-0.209045007692924	9.81177544468014	0.0888230523615660	9.66677766308562	0.0420770480960225	7.19749044724075	140.423649902452	-0.0567086801703910	1.50321940242861	0.00139054067082228	0.0123317401528027	0.133679786403178	0.128523896057885	0.207146901217783	0.200568607869485	0.150810720429632	0.140242228331715	0.0261729392558436
3	0	81.0334821428571	4.03416507376186	19	3.05069161086923	0.158923743116427	0.113866689253827	3.43240284527510	0.0156153772643292	-531.473695617508	6.41523494907011	0.326753034214363	162.172706128165	13.9423301253804	-0.108567405446940	7.00729263613636	-0.0687724404197364	7.70184039424801	-0.0303679320018916	7.30670211781749	35.6956191793175	-0.0517073846539408	1.25868831923763	0.00161125846018212	0.132987591343152	0.214627836751106	0.0464479467207752	0.0983758423932812	0.114190832982359	0.0748821764709362	0.197769043926868	0.120411143273373
3	0	96.3347107438017	-16.5805772423303	34	5.02425765056704	-0.246561481122104	0.0867256334949798	3.82531184650846	0.0268665317366616	-1861.10374046993	5.62794346441163	0.401236469129208	192.365379671677	39.8970677730650	0.0984800336735197	9.67174039414389	-0.0790494182761051	16.3561600390699	0.0325276344315830	8.45408084925246	115.417984837809	-0.0968751711477160	1.54965585050710	0.00134670714499577	0.127083726925836	0.109512989976537	0.0545073466010990	0.170848395176535	0.204023554063184	0.0374587678189471	0.124960082758548	0.172209183382620
3	0	80.7755102040816	-13.3098680538433	23	2.98328526709949	-0.171853021042051	0.0818331867894550	3.92133429297848	0.0187556689342404	-240.654714994785	6.28689752688207	0.360788966304031	161.346699604813	49.8121938986768	0.0815534096082436	8.41735093819569	-0.125443221519129	8.99505180671040	0.00618138551818578	7.11840215811155	151.471785052996	-0.00831736697644925	1.49853626521996	0.00159068658174888	0.146621091694691	0.0966277193516696	0.0881549994752078	0.172067741584669	0.175241839030633	0.0601181292155104	0.0951273476391350	0.165466690282756
3	0	98.9351851851852	272.533663250012	63	5.81447304158923	0.641636650151885	0.0545481824417010	4.58251287467660	0.0436701028450596	-1032.99032994933	5.12812221258005	0.554584775086505	198.721782194396	215.235327330177	-0.153369504435551	27.4120513892766	0.0548102175600062	19.5091652505549	-0.0149698845036239	12.4348939033355	713.413448040039	0.0414882563642555	1.70094945634964	0.00114651146205358	0.0287371313045046	0.274697928117623	0.140308414297138	0.163851741914858	0.189546457881917	0.0594454497047252	0.152362157821216	-0.00786317803579095
3	0	80.4177489177489	-14.1338221787711	26	2.76082422871513	-0.145643093697819	0.0727122805044883	4.06117172974486	0.0166244834710744	-251.793264524609	6.41423442058570	0.383213253360312	161.502136735433	57.7094347269490	-0.241076396535151	9.00016620782997	-0.0903108982532936	7.59442462953010	0.00266414312280869	7.78650682379857	178.429397982110	0.0355344540250898	1.48484229094526	0.00154664701554685	0.109307095788293	0.149347846691809	0.0703332621385329	0.162229530162147	0.176834247227816	0.0951402914332817	0.102757578532078	0.134062383900300
3	0	143.380804953560	-49.4880580060710	37	2.61993296012059	-0.155346076686011	0.0486825331403541	4.60608784563437	0.0167828081717452	-275.156283510472	6.35467970890938	0.398594985459277	286.627815264639	151.443551376575	-0.137062136265017	15.9105575633678	-0.0663149520786842	22.6562612859382	-0.0152463577861240	9.34825386564069	475.399381153440	-0.0253953031887383	1.87784812497615	0.000912338962931747	-0.0277067157731778	0.304935742969974	0.00251687882476404	0.195369771759488	0.208012814631729	0.0271156124946828	0.263822405396070	0.0254069594320754
3	0	53.8904347826087	3.53080460129877	30	3.44062164051854	0.0534507971426553	0.0713829867674858	4.01848336351158	0.0205438016528926	-618.139860581179	6.02688267679773	0.376262026327139	107.660397230050	33.8098950690831	-0.0151661624155053	13.5079171356165	0.0250521394242327	12.0783232720520	-0.0609062934063267	10.8970115369922	98.5792785016732	-0.0875903624915766	1.59819125745090	15.3592909536810	0.0635162452007769	0.118030753779658	0.102429045843287	0.111214985215248	0.0934446569047438	0.0688703335060446	0.108829223722672	0.0479319543070176
3	0	83.1825396825397	-9.06140545577437	32	4.16960735466502	-0.156663614659746	0.0929180314100949	3.75918322011964	0.0300612848689772	-1538.49451523765	5.60078761706926	0.406362358604032	166.302497225631	21.5906308497546	-0.0639941188926124	16.7982431600051	-0.0387637750672482	11.9153662662570	-0.00416149959620882	10.1937198012374	40.7535740903276	-0.0628426418911545	1.59481750199643	0.00154202264616897	0.122108486894277	0.0661153560239072	0.107470161312683	0.228536753106482	0.229336000354884	0.0778822949702800	0.0393197464315733	0.129074394989800
3	0	113.148148148148	17.8221409338005	26	3.07395676106489	0.324136878999685	0.0825697302240512	3.86005970006150	0.0206568703728170	-445.311564938572	6.20048075481914	0.332767063272765	225.676869113437	17.1590973889285	-0.196532352510059	14.2661167951840	0.117347154723079	15.1782760246161	0.0863014371055321	10.6664484718667	32.2997601110779	-0.0759349849034506	1.60918885524192	0.00111984189352210	0.0957648224262471	0.176781650237544	0.0839112566062283	0.159595621409466	0.149630321939469	0.0880485490690433	0.161324554723180	0.0846760434004636
3	0	47.1111111111111	112.107681755830	35	3.45510083434593	0.702865344751483	0.0682966602278771	4.17793522078197	0.0187546689096250	-207.395449489367	6.22632330185246	0.392793075362380	94.2304971581454	73.6262518345148	-0.0811693017359979	20.0573127530932	-0.119026756501966	16.7853348802274	0.0111661282823588	11.9996793284526	239.153743275745	-0.0333599428300734	1.73748753818140	5.58232002143473	0.0256039812254372	0.0853120417994013	0.0798140375348329	0.244810447408434	0.217574930805046	0.104513831304380	0.0860949032061242	0.0379177868883573
3	0	85.7961538461538	661.022792785617	57	11.6830115929400	2.19449175862761	0.0662721893491124	4.29189110255081	0.0495840000000000	-301.074298239145	4.82546648035762	0.548382805429864	172.693852467643	169.681346754412	-0.0632947438139218	37.9104723120777	-0.321210368659977	13.5967944237441	-0.0367664253782057	8.36602081965331	565.183832214989	0.0182214009523337	1.59344434571325	5.86598740950194	0.0553457879276884	0.191704132970354	-0.0581911616416786	0.300213804405111	0.383324347033827	-0.0526202024374953	0.204846712009356	-0.0944067372560085
3	0	126.411764705882	36.1454572723284	28	2.95195669047256	0.265114467561525	0.0714566419691553	4.09139594138599	0.0127034279778394	-210.290008763528	6.62237069317012	0.316530495929046	253.242553298916	61.7476547261622	0.0682419357470984	18.4155348132317	0.00967841227974897	15.4060856074252	-0.00229333473739964	11.2355634418709	172.725902937101	-0.0801626185458612	1.83851662754379	0.00104339300349460	0.0902977261912876	0.0718649947496033	0.0929748863857043	0.238740885244766	0.213682305063188	0.171930686265654	0.0170613260511061	0.103259475759046
3	0	104.174641148325	855.509101928527	77	46.4090848954622	4.59950802778807	0.0943201849774502	3.79426380130661	0.141997627793082	-1608.44663210912	3.49491959758076	0.685463478991398	208.988980105959	97.5239827402888	0.152168033252249	26.7583158544512	-0.213656808955676	24.3977097220380	0.0633757888600594	9.18775092662012	198.997766198885	-0.0465896669353293	1.65715510809395	0.00165491868790379	0.0105754314897197	0.103008303797367	0.0587998029111549	0.264751195489822	0.326897299606117	-0.0423116109787287	0.173579462939074	0.104099698601431
3	0	100.385167464115	1213.69325823398	91	41.0709646392524	3.96889640154423	0.0756164007234267	4.10123226375311	0.135394347515559	-1809.44920050910	3.57923008521101	0.682031988155421	201.301550509011	134.341854090648	-0.0511058672124059	44.2743922686355	-0.0251034370019887	17.6825686620436	-0.0251796150077129	11.1618740790959	292.134487511859	-0.0127381085384265	1.71238467516610	0.00141481299050039	0.122583868987959	0.263203476736281	0.0899558778759086	0.103628340155492	0.0858393729144140	0.0649232553644392	0.250256631755434	0.0208775078439203
3	0	110.604575163399	9805.11294982628	136	13.9933515341217	2.83057460638599	0.0551924473493101	4.72613957035338	0.190393518518519	-495.624398765967	3.78100569732805	0.678570890062592	218.764326167806	305.994142133183	-1.27219166261169	230.113244827802	0.00403205079853854	104.245912224369	0.00205650459302897	66.5114691817741	705.471891106792	0.0488235633611778	2.66404767200088	19.8333129847958	-0.0721404491984945	0.340388446337043	-0.284901991682592	0.420050255544782	0.413651261659915	-0.279675269049017	0.342906141344489	-0.0585819178831741
3	0	127.581235697941	19.4858642218198	25	2.79093288776302	0.210505358900852	0.0826469217516979	3.90740593174908	0.0252689677705431	-234.748776933032	6.07266257058849	0.266225176808359	254.807262487188	27.4319559599132	0.114612968600604	17.6972401359011	-0.0438044062422190	20.8950470086288	-0.0485298605649887	16.7698638810169	66.4890620490848	-0.121419914496405	1.84294868247950	0.00105747372385588	0.0704746099488460	0.227525629005243	0.107670575003986	0.0614793936613864	0.0516352106783984	0.119341638733772	0.237461054921880	0.124732259759526
3	0	73.9431818181818	14689.4489358330	142	29.9598508174340	4.71498693113298	0.0645351239669422	4.42625881133996	0.219206349206349	-452.401999222400	3.07856233556504	0.736571568336274	150.569641814821	934.438966710940	-0.206786441123269	181.200273585510	0.0613346582321613	29.5312110143300	0.0335393277801951	17.4600772629142	2768.69940961079	0.0290005682012543	2.10351153949180	20.3674954459681	0.0969855887941122	0.142273799100108	-0.118021884548313	0.227521342849983	0.279578524323416	-0.0583522446616662	0.0700636926211473	0.0735742033806446
3	0	90.2252964426878	155.661187899898	55	19.8104019897695	1.83460759255361	0.0756768579418519	3.96023173056159	0.0698018337769890	-1820.11132840862	4.29661110500820	0.557182588721482	181.210749897453	42.1301419963753	0.158638163515308	22.4033169259086	0.00641587318229462	15.6441676422657	-0.0353177239989448	9.35364277315124	99.5366057728014	-0.0964508026239799	1.61454915884208	0.00152361573417975	0.138778326524459	0.167290265861595	0.116822373451697	0.207621057600278	0.211658732254916	0.0819879447665439	0.0623611966057922	0.0134030405291128
3	0	41.6166666666667	3.85784259259258	21	2.91600051770719	0.0781540897055726	0.0874944444444445	3.76373664621178	0.0158796899112654	-240.462177966889	6.52008147899238	0.294444768765974	83.2700266840754	15.9538460207083	0.186324815439981	11.7227087781868	0.0256351681338406	12.4947639442239	0.0231836464728685	10.7197492917583	31.1019986706020	-0.0727737414061658	1.60724760351644	25.0620945042174	0.0174323038225204	0.0985775151065678	0.00552580582070483	0.0547463687909726	0.0650458807690661	0.0278044211478878	0.113751474573411	0.0133731295927646
3	0	62.5320987654321	35.7833126010229	39	5.78966017315890	0.584940387777038	0.0858375247675659	3.83939126500308	0.0408741634575078	-1011.67974765961	5.22472889703714	0.432945770408175	125.044075423202	17.0235872986455	-0.125634211681978	14.8747089512262	0.215096721183276	14.5065594520778	0.00993318868006147	16.9524402088314	29.0633111703698	-0.0959397804801966	1.64064958152046	0.00203565741016954	0.0696436859126770	0.0672215753663750	0.208289973572011	0.155516122090255	0.163192908921395	0.195172998349932	0.0590159207149625	0.0814821332735960
3	0	97.7830578512397	7.90899454280681	30	3.53716613932427	0.0906606374020346	0.0906871115360973	3.81890016454829	0.0170442832780495	-649.921868614583	6.28762782083931	0.337735068169888	195.834970158322	29.4725684843208	-0.104995398340260	18.5255378604526	0.00133647339577420	16.4209753129633	-0.00629384364037810	12.4726137441131	67.0396814577777	-0.0937536731714550	1.75960519838687	0.00139938231660874	-0.00705891438241224	0.183359006631733	0.0995184048290767	0.234802283533327	0.249730062037088	0.0977661359870865	0.165292946717202	-0.0235751995707005
3	0	86.9566115702479	5.74950793749145	23	3.09194528241672	0.100122141544314	0.0863585137627211	3.83915324112076	0.0251728790689829	-300.540475227801	6.08697640306852	0.300956526279273	174.163090240709	18.1600835435631	0.145375742784505	14.5387017642379	0.317241237775649	15.4224290930036	-0.0470758921408428	13.2078218969435	32.2008943470509	-0.141138439691036	1.73538135418383	0.00143007106057949	0.0685874653802756	0.119579292371384	0.150313692515510	0.132634610361791	0.129022262996330	0.161025381907720	0.127846907231103	0.110158225098360
3	0	49.3632812500000	46.9992681741715	32	3.40603029489878	0.440115712208555	0.0699539184570313	4.10520748785014	0.0180780924817898	-388.254965664597	6.26138906176390	0.355277599171358	98.7518393435291	38.3471786663875	-0.0550821397741567	19.0790260154084	-0.0511066566360098	16.2921715589908	-0.00797304364252567	13.4687387964036	93.2035185501543	-0.0508822430684417	1.70738540759663	15.0114431190173	0.0459593595750931	0.123979633653452	0.0587511870920530	0.118311804776456	0.123514381135735	0.0514344593657761	0.134452096402462	0.0399410988375024
3	0	92.4459876543210	5.32721686326655	27	3.37736520014724	0.0970379217285707	0.0877676802316720	3.82336988172592	0.0268596420940171	-662.762632574743	6.05137166485280	0.354384680471483	184.928370128391	22.7664420673651	0.0820905412047301	17.1589901178818	-3.83115837530224e-05	13.4596331223955	0.00921038318879658	9.34541099451988	46.9457219461473	-0.0699216525698283	1.60124498066601	0.00140833826933393	0.0633845456019344	0.181289382200667	0.0428616680958172	0.226379748124522	0.232490983263077	0.0480278336869162	0.163509368771344	0.0418187698725205
3	0	122.081875993641	10.4710180724658	34	3.31469495591837	0.150903524313633	0.0807196423019859	3.90433349786350	0.0271397151004030	-1435.67083741961	5.71783077655642	0.401424893157803	244.108766549537	28.7611380516172	-0.213943799173158	16.9114503058786	0.0358134331625187	15.3076957202954	-0.0944614675610118	10.8619827913697	70.6237503075348	-0.0606150032773974	1.59081261213344	0.00105369892905591	0.0445156502174626	0.115531737499381	0.120864123222134	0.203452657334537	0.202016255672646	0.128201327399978	0.115089617135993	0.0699822519587769
3	0	71.3815789473684	11.9842679326435	24	3.13660785017709	0.241705383207421	0.0853009108278789	3.81864455103557	0.0227138214803858	-357.948247549168	6.15103372852314	0.313959070991885	142.761543986259	15.7443811088326	0.186564992713487	12.6512357218133	0.137247048259448	12.4010833936129	-0.0371514073957377	11.2926774320748	29.7294161060297	-0.0564335191639572	1.52964095601348	0.00176637584813590	0.121628028175920	0.152597596644320	0.0788154275119304	0.144802228370935	0.151124846064327	0.0714252727714211	0.152704476034458	0.126654187058648
3	0	112.664215686275	11.7737909003226	29	3.11953241904184	0.168326196881071	0.0762553932248281	3.97645117420745	0.0204300543746911	-497.128764292746	6.11538151696759	0.356305683828303	225.226726008267	28.6857329812760	-0.0737169586313219	17.4844886704053	-0.0607048023725377	13.7802514644387	-0.0426648106217197	11.4429583318193	67.2867981252138	-0.0546068657093891	1.60384774299042	0.00114283127707402	0.0762065595118315	0.0935768188194430	0.0990631657909376	0.218157449435992	0.217334390115411	0.117408716803141	0.0985564819914089	0.0796346503761924
3	0	54.9279569892473	15.8436330186720	30	3.83407642896890	0.327393180703853	0.0910833622384091	3.75418659773696	0.0273500000000000	-853.102162475137	5.75859106085052	0.398398859078248	109.834322551778	15.3350195041201	0.0445312604356802	14.8231372831929	-0.0673209237295078	12.0885031859805	0.000263840699256947	12.0024102828612	31.0271108549092	-0.0702928312271927	1.56626830276990	0.00234866561780274	0.0862661922650432	0.0728173484435466	0.136453633357412	0.199465458100001	0.191695858352830	0.124565407740747	0.0769647102383004	0.111420826335973
3	0	79.0861678004535	45.1190854253513	28	3.43846457913074	0.514500193237530	0.0663355289205629	4.12889589616471	0.0163208616780045	-275.173302175193	6.31957443121631	0.335594472131597	158.275236481340	42.6320304267590	0.0318464295555684	15.9317900398919	0.110051984889471	14.2585298032621	0.0199816266266873	11.2171989472729	91.5959288637934	-0.0934210055901980	1.74299174784939	0.00164663531778347	0.0173632783238133	0.231331590164114	0.0610028846250046	0.206295339504798	0.180667278739350	0.0507459999593749	0.200096424018398	0.0527177754670447
3	0	112.107291666667	7.83570259828910	22	3.03854049594112	0.210991592723563	0.0916102430555555	3.69015972964807	0.0190969641795481	-385.309737784580	6.26571408679324	0.340471115238467	224.692854443238	14.8369921430629	0.00668883838994802	12.7602387027309	0.0140955539610320	10.1755169556373	-0.0460269791225685	7.90441105372906	29.5850136054039	-0.0767606966667045	1.45655152309545	0.00114498593694385	0.0813668062993713	0.109059710331501	0.118077112111934	0.207945912605481	0.217170300024279	0.0986987915299835	0.0802338152331288	0.0872060246058481
3	0	69.6323529411765	8.90436299952473	24	2.81550661136102	0.131849101996688	0.0747215280447691	3.97423777982843	0.0132370595296942	-354.402401190200	6.63499159555412	0.292890472593107	139.617539985347	36.6857652985700	0.00991143328997218	12.6388872605544	0.0297923967234360	11.9517505179840	0.00593595073471273	10.4390757918010	111.654164231674	-0.0805522652758648	1.52190689302501	0.00179567434606218	0.0757584342675699	0.141445367274116	0.138696451335969	0.147358700882386	0.137781772699235	0.137009550442777	0.138850232844078	0.0822670043112908
3	0	88.4978354978355	-23.1852336178527	27	2.66288245278179	-0.179447588992763	0.0621240231629842	4.22438296898618	0.0128822314049587	-246.708859287909	6.70070301772541	0.336415350150644	175.929950334929	65.6410662820888	-0.0148018688604369	15.1042262490694	0.105974768873672	10.8865616397364	-0.0123027450788656	9.25967808478637	199.288746829467	-0.0127430105453296	1.66333914574929	0.00138227635286181	0.115591964048047	0.106439325528271	0.0717451049345783	0.204489147407188	0.201821638875245	0.0965517882908813	0.0940994595915470	0.109725953647967
3	0	97.1343638525565	-21.9757389438335	29	2.90609895400547	-0.178978274908316	0.0667217131521984	4.17154402972603	0.0156541956854085	-336.250136788140	6.48946424190682	0.352985943451270	193.215168376347	74.6503909101200	-0.106703800836529	13.3821864194135	-0.0409279739125735	12.1367416908713	-0.0250931191059449	9.95724864447909	231.847976485066	0.00166830478016711	1.55521305856947	0.00126805613623235	0.0824838978267621	0.111507074728806	0.113587300891808	0.210626959159825	0.183607239684747	0.0966273122952117	0.113446573373295	0.0879332634534649
3	0	71.6183574879227	4324.64847110001	98	27.9772124833484	4.40618059410506	0.0778781301780672	4.10828372130941	0.143119962248750	-247.371885888081	3.52036324310085	0.673457184045419	144.698560247560	384.707251687178	-0.0291461159007444	80.8740071374539	-0.0623546653625084	17.6304487727624	0.0357768041021264	30.5667362197593	843.050021041924	-0.0265833548930148	1.92038361450449	0.287440929979994	0.390021465371511	-0.115142120199408	-0.0151564482226787	0.241164816873734	0.287674942766756	-0.0439752725190346	-0.150257555823785	0.401680870134356
3	0	102.163265306122	11.3204489625919	25	3.20003749396515	0.263248017147482	0.0955331112036651	3.65863583624621	0.0219295022535763	-569.336709455378	6.16203775737524	0.332088300072021	204.572063146579	14.4129634487940	-0.178765012316704	12.4250585571633	0.0111293557683716	13.3967175638755	0.0126443853874450	11.3559673222390	24.7221755918507	-0.0941939568997985	1.56248663188948	0.00123400928586858	0.100507999460149	0.107074573793497	0.135092530426093	0.166621407290933	0.161774649731157	0.144793386207482	0.108868372880352	0.0746736148320224
3	0	61.4214285714286	16.2339916180758	24	3.22159147020327	0.324476583578774	0.0851769770408163	3.81539437822692	0.0175113875973184	-382.161070549700	6.36646049058638	0.324878364968536	122.767944119247	20.2096228092034	0.306288856131449	13.6722088004051	0.195537891888046	12.5582203284868	0.0796215326406994	10.5326824892285	42.6908961157777	-0.0780265148426126	1.52693223384878	0.00206718931895456	0.126014990653786	0.164243104741225	0.0556799043503524	0.166793838079819	0.162034716673062	0.0535556576642478	0.150501630855537	0.121550066486293
3	0	68.1988795518207	163.524524348104	45	13.6327244296110	1.80662854236777	0.0771995072538819	3.95520395473646	0.0459139384920635	-1022.59775360741	4.94417857223471	0.463103492956434	136.496102712215	42.7084821800878	-0.180328683534273	17.0894065167468	-0.00494529074691103	16.0010810461571	0.0169904467891034	12.0895880614977	80.4272537307949	-0.131705589970178	1.74740239356685	0.00204519364879800	0.141269944542245	0.190384576372971	0.0939153522602396	0.158100727537317	0.128496820929101	-0.00714786991986927	0.186744043007298	0.107606629550673
3	0	97.2605042016807	374.529248575357	45	13.1958101254276	2.25753279553124	0.0698240080345864	4.13265177179090	0.0454046201814059	-476.688244924114	4.99125154377674	0.476201424436719	195.419478840891	86.3798794696407	-0.0100502518569538	21.8990404880171	0.123908216013262	14.2842799500362	-0.00733043049399689	9.84354327287210	180.796832696912	-0.0464045295042048	1.75691540042551	0.00141784643254650	0.0989382598517477	0.157168727271504	0.0402215343066530	0.231570964591711	0.180647692844133	0.0255988571462353	0.131880133795789	0.133146844877956
3	0	108.976608187135	-733.072765929279	51	13.3899917657405	-2.59563908534373	0.0682432201361103	4.22696912023026	0.0458057079713458	-2320.74732970264	5.00888243667472	0.455189276757904	217.451390391468	124.771315142126	0.113932235834877	36.0037535099620	0.0545938150745172	15.7081608349195	0.0463660628869677	13.0260222342592	315.264153464534	-0.0578410846874107	1.91860763074022	0.00109782696282820	0.132277257557824	0.0766929417815732	0.0856402706264063	0.329160800780215	0.268509539038391	0.0666714367035866	0.00739209197263335	0.0337423869956410
3	0	61.1066666666667	30.6646748783069	24	3.17383096911109	0.464947652832084	0.0722757369614513	3.99956762544391	0.0148809523809524	-199.190929275562	6.53275241498085	0.295551897244511	121.996211944268	23.2940145292643	0.0381932013098301	10.7213576770358	0.0776347812040433	14.1924412501320	0.0294860361956658	14.5155446213189	49.3454479938821	-0.120662825200930	1.69604011194711	0.00215350085965857	0.197104211243008	0.178661147222673	0.0719542542381149	0.0491014222071442	0.0557970453170142	0.0962173681763687	0.152785816184014	0.198212656770778
3	0	34.4890909090909	-2.29640590232914	25	3.60874554362780	-0.0442392881523427	0.0795966942148760	3.89365673954616	0.0209732265840220	-714.394651867934	6.11057324145342	0.362934406659856	68.9916063718870	29.5500704843181	0.198633484828264	10.9230851253592	-0.109374382662120	12.2180692229283	-0.0202887523577964	9.11112634695548	82.2883011762198	-0.0867741326686284	1.52904308920924	15.8003860124884	-0.0432119678214820	0.133295879881114	0.0953272423719227	0.0617770688943562	0.0357328516824644	0.127162921045493	0.153012193032581	-0.0199134959798641
3	0	70.8333333333333	592.846990740739	49	3.50891010151614	0.898015135301609	0.0391753472222222	4.96924035528674	0.0219923437980917	-127.444428532860	6.01344757106287	0.478231126458680	142.576661759388	324.903263672588	-0.265042973561516	14.4874438983992	-0.0109484420717781	16.2380406348892	0.0837367500039389	10.5244381688156	1201.63135773341	0.0147757041192075	1.72813077961392	4.11119069693996	0.150279141117785	0.107587454115041	0.0838577803948066	0.192217194215285	0.159365964008700	0.0700188339079517	0.0929614094241273	0.0816035338870620
3	0	73.1879286694102	5.99657622650908	21	2.84710809559726	0.129690835082129	0.0784828419335354	3.87139587466618	0.0148344980966064	-264.906627436887	6.60524438386428	0.287271383194194	146.409620301908	17.8705442247525	0.112310967077399	12.3267157920426	0.220495542843120	12.9370740083500	0.0274187453614076	9.28073724101751	32.7540651433835	-0.0898701369175697	1.57794265469457	0.00175868997496276	0.0570451717870739	0.196416784471424	0.0936706823606528	0.164399497197508	0.152832715816515	0.0845062460474821	0.182234575372050	0.0686748078740038
3	0	75.4291187739464	-106.962996259584	39	2.78999763203784	-0.352072722783240	0.0428045520307818	4.71811152372388	0.0175958108478917	-404.000686978224	6.25539410397058	0.418634203655268	151.482563729834	174.726665221985	0.0318637078501025	12.2549787443918	-0.0261783477206746	12.7815760226065	0.0106551019093006	10.6982246829497	629.985843565708	-0.0176988269970791	1.58994840476339	4.46709923014487	0.0835266574775631	0.124966785705183	0.175269493431124	0.0989347192499679	0.0987557587903751	0.156968323093146	0.112790947984152	0.0894965553022757
3	0	73.0334528076464	4.26013491034065	26	3.01682600457456	0.0602564698278550	0.0689111279545626	4.07010062332791	0.0172804462806864	-443.562363986012	6.35036670094557	0.347705220448955	146.245612173254	36.3043821167384	-0.130352089728485	13.0637987229215	0.101682487079827	10.4281854588809	0.0155995088967114	10.4299873451956	102.238205533206	-0.0703314847115626	1.52437186559563	0.00178248592471825	0.0994484330848380	0.128763645385078	0.0477362892154147	0.234465200984168	0.207610246980678	0.0583349147809003	0.124301424556009	0.0987794757724601
3	0	89.0515297906602	8.60851811143340	21	3.09518232028416	0.200264204628176	0.0832354443640588	3.82370982011519	0.0156446621093086	-355.852487061690	6.48866823247363	0.291797733524654	178.336948641646	18.1889461619740	-0.243438902602179	13.8593229921260	-0.139859900049132	10.4614044345214	0.0272377238748355	9.55906767249441	37.9410548822784	-0.107731403968014	1.55706587833363	0.00145043012211178	0.106296822291057	0.124170646594227	0.0323401212318686	0.209237762623800	0.217611311459436	0.0486519921366977	0.135031327367443	0.126532663692387
3	0	91.1687500000000	8.03111195591504	25	3.10268502947205	0.160079044408023	0.0784614158163265	3.90766620333778	0.0186146666846886	-494.108390092020	6.27711723831887	0.318807614299377	182.589484814840	13.0693327210058	0.113174779246059	14.8788405907554	0.180909552638364	11.8832427633240	-0.0772874434902677	12.5112345537676	20.6084427871764	-0.0863190960995476	1.59238231939229	0.00138920064543600	0.132384791224403	0.0784229037967634	0.122652389758358	0.164067877249948	0.170076929689309	0.115755655909368	0.0787550541664785	0.137758847339114
3	0	50.2078853046595	112.798045404475	32	3.38767353170856	0.690264214376654	0.0560787017410134	4.40163810526432	0.0153993928907881	-184.320781746584	6.48480947365261	0.369281493060114	100.235717176129	82.4157242416957	-0.163284192823648	18.6412983155906	0.0352105495709363	15.9207810546984	-0.0389626949525092	9.95709815415826	275.267752173156	-0.0373151719725720	1.62830941877586	5.05768988001114	0.0452587537344105	0.192421716671056	0.00215591713413943	0.231389193096608	0.214835137067467	-0.0158306050509349	0.180431247621982	0.0481060132601385
3	0	99.4308300395257	7.42221224201605	25	3.13165325949227	0.0963314488937435	0.0685528597540971	4.09195429317734	0.0144201215763951	-302.181256604092	6.58311855107093	0.288290750848394	198.959229576913	38.8163807706516	-0.0597250039337502	13.5403911944495	-0.112095688188821	10.5850612221120	0.0518537524513340	13.1751818861315	102.861513762687	-0.109149118574116	1.70903568519805	0.00131004882462830	0.152600242595469	0.110192507612595	0.182228249848393	0.0740725187137628	0.108852714939310	0.165447134108177	0.0882962187250627	0.118350829911606
3	0	109.537549407115	1.04988404236869	29	3.22673040287914	0.0148751655030453	0.0696464559671296	4.05469150778207	0.0194758432673636	-805.911140837001	6.14462720211400	0.357454643784879	218.954605997335	27.4012018603485	0.0612196528836129	18.1996117951547	-0.0390590765595804	15.1202366223684	0.000965451961680611	10.9976010845587	66.3506955042192	-0.102874414316785	1.70615156148662	0.00122588836873735	0.0384474300713009	0.184383695235198	0.0264127028359269	0.229124269885297	0.225722759478103	0.0607006690613332	0.190723431955774	0.0448285993559239
3	0	57.9095652173913	-2.51392686972966	24	2.55164644697889	-0.0308516753973925	0.0639969754253308	4.12710819075699	0.0133047153959252	-252.650961845012	6.66139694687375	0.323469794123530	115.940017536487	46.0422356141618	0.135934972442002	13.8925704454828	0.0664313282794468	11.8452350760519	-0.0145531803355279	9.69363049412997	142.612249155722	-0.0968739295887742	1.58825568810833	14.6090923601355	0.0241084341380731	0.142683263673753	-0.00648592118216840	0.191110846064014	0.208357320995642	-0.0131817340153830	0.149833423877816	0.0513195153598076
3	0	68.1648351648352	2.46373334430324	22	2.96969888053340	0.0593270842671137	0.0826175884555006	3.80948937641248	0.0169093595019521	-528.182185556499	6.40404207285632	0.293091313557759	136.207187779713	17.6412278746164	0.0873560763791157	9.75694046082949	0.0642388484233820	11.1123492201559	-0.0176202114253533	10.4247066710607	38.1411870569692	-0.0978524613165628	1.53788039696964	0.00183578566941873	0.137811378060121	0.108914253231447	0.122472846720179	0.125005232726934	0.110563170495013	0.138541901307867	0.116362533104642	0.139569916791970
3	0	39.7826086956522	1578.46527492397	58	15.5235351456368	3.19988650896394	0.0699745348310394	4.19025537902198	0.0659043951915854	-90.8581816791642	4.55584244160467	0.549298671112242	80.4695267862050	216.486401692835	0.218165213986570	31.9041335205427	0.0197433610864191	29.6927179303664	-0.00639075651799248	11.4747304212225	644.174184055380	0.0873163641688510	1.81736243701919	0.641569768051852	0.111871341788163	0.223691086812958	-0.138674355879251	0.309999228091895	0.288478931873637	-0.0801691360083709	0.227532816040373	0.0420959900611067
3	0	97.5004926108374	34.9813975104915	30	3.65232864564439	0.411367948235441	0.0669416874954500	4.14046623292082	0.0187036651395252	-374.402868821074	6.25332428121036	0.370822472582006	195.488017406505	42.3442140921387	-0.135671242428897	14.6737696763187	-0.00821724546912300	14.5890094520099	-0.0236171856865816	12.1308349504988	121.688168595739	-0.0761848916078608	1.58380853329982	0.00130570491425068	0.106889958814762	0.0782141688514173	0.145514137783451	0.183428651070741	0.179673057712023	0.122050604887335	0.0887547877154020	0.0951732981362738
3	0	82.2355072463768	21.3003444159825	23	3.23631360898112	0.320791426856415	0.0731332703213611	4.01240872011391	0.0161091476945837	-231.168722134415	6.51714301426465	0.321146140490132	165.108769073925	34.4979247501049	0.184497808776964	15.5184488612714	-0.0539398206037889	11.7305484066273	0.0298506356804467	9.12328200269962	106.882754493972	-0.0805639782174275	1.62038955373266	0.00169541838111592	0.109999754831605	0.0734847291149805	0.0506636829724698	0.280894252436291	0.276780366471002	0.0193714024787255	0.0992086480874832	0.0898924971893393
3	0	44.7056213017751	16.5697446219130	22	3.17026268789372	0.353242802407216	0.0799604355589790	3.84671697661727	0.0159585798816568	-201.375822233756	6.45714611081491	0.306093784091842	89.5722456494761	19.3984028297782	0.0172484237302355	13.3149104513112	-0.0771260480620683	11.0486904495772	0.0273946742684538	9.97969724071810	44.8117976142939	-0.0992336264650762	1.57713283361680	18.5362366730287	0.00987064093964030	0.0619069841475266	0.0895206419226327	0.124572245222312	0.125870208429467	0.0909509198174270	0.0661268995382045	0.0177199597085007
3	0	74.7483333333333	-10.8090208425925	33	4.01621553981126	-0.134836963970038	0.0709666666666667	4.09831651833353	0.0214215500945180	-989.520403445185	6.05640290437164	0.372149722056123	149.372732950361	21.0342266293068	0.00801979322541096	21.6842249106524	-0.0112386019209896	16.6927820682320	-0.0663576351748185	11.3125668797790	37.2466602369574	-0.0832846526003055	1.74265792085432	0.00194310816814247	0.0553716563442102	0.119288933975284	0.00664672783026532	0.312480020464818	0.325588372987056	0.00709493902142100	0.108857943393787	0.0648893312355767
3	0	57.7824933687003	30.3905393749499	44	3.86824087684867	0.206312874146515	0.0546475385037536	4.39665167188784	0.0266834720570749	-655.481083205117	5.63281653664867	0.445031047404176	115.518657164567	78.9502357379087	0.458923207631879	17.5508364075834	-0.0396324925714037	16.4803279684998	-0.0261902571980518	11.4453511063823	276.002534416094	-0.0471782274096926	1.65424307786309	11.4080622304009	0.0543592409404887	0.100023161500804	0.0676171971400166	0.179378575173235	0.181828089869697	0.0724477233490006	0.0892065443267853	0.0587406389143723
3	0	97.2996894409938	3.53164727435088	25	2.85910051682384	0.0478387249723682	0.0684676517109679	4.07261214526780	0.0147222416703618	-435.080706944148	6.51648493892981	0.301537209750138	194.704538993262	29.1825858774115	-0.158317196920232	14.2224282173634	0.0639458187325876	17.3409573451539	0.0315392782656055	12.2007653198578	79.2343607034304	-0.0903334267585029	1.68128523543027	0.00132312398608188	0.111825726497514	0.191508960877627	0.0736779906131417	0.140834276353203	0.117143381899666	0.0789661584515500	0.176164101839532	0.109674356398386
3	0	103.827586206897	11.2740264368866	27	3.58296546285652	0.242768061509832	0.0841031738772524	3.84966359811489	0.0224351961950059	-633.183753115362	6.04952826400533	0.329017045710227	207.677695132499	16.0599557599568	0.0884673622263409	11.8172367574050	0.0365446992678839	13.2900254386344	0.0509159497561665	11.2631959686659	23.2898334682045	-0.108903453574291	1.59583587955930	0.00121258034455857	0.139550008826490	0.144950798934303	0.147343044862041	0.0794032934067133	0.0806854828285282	0.138280359280898	0.151569514358712	0.118279586273616
3	0	93.2299382716049	26.5648165274345	31	3.94390205522628	0.446425455558135	0.0753172153635117	3.94992292373160	0.0226376344838853	-655.702309684733	5.88762519575626	0.370912840799972	186.512752957345	18.1963613138499	-0.00414121459866754	14.2697149741453	0.0498202274813081	15.4831163461503	-0.0218156976263658	15.0213811510541	37.6826405749529	-0.117019817407081	1.67540623203670	0.00134904313165964	0.152116904679339	0.114873767709625	0.102413680420526	0.127323414356709	0.128621458374752	0.104474826844069	0.130586414307317	0.139836340612078
3	0	69.7883472057075	16.2397038598962	34	3.97367556554283	0.223312096462113	0.0701574056138932	4.05759105568957	0.0243909097527239	-626.013870955941	5.80585423024498	0.385864903420684	139.493208918611	34.4022206795588	-0.118994520657769	13.6624727692632	-0.0318094896550530	14.9720457582179	-0.0237603300173632	10.4059793158448	95.2639401108861	-0.0664407169871271	1.59243179990408	0.00181547646842627	0.0561614239031272	0.151200283080115	0.124443042692313	0.175480896376627	0.170657386938380	0.123561456249170	0.155986651401093	0.0422605256556494
3	0	84.2017543859649	4538.46033057405	190	25.5917420014538	1.22870199940418	0.0376697103382237	5.02553651423977	0.190987165601127	-2805.35051689314	3.27005876836149	0.742262094923879	167.474838981874	915.779205103307	0.0896971315282911	159.781073501004	-0.150477736311555	36.6732450687584	-0.0351324525434508	43.1744024525785	1809.98185748403	0.0689929890337516	2.43612154852274	5.42502462462016	0.258748388358612	-0.0143809021425341	-0.0517513546704596	0.275691627638892	0.264604392567769	-0.0534725674346603	0.00119861948788014	0.255927621573335
3	0	83.5088000000000	16.2696596029443	25	3.02147583253907	0.258850961992341	0.0719897600000000	3.99934123781502	0.0162694444444445	-314.276870333965	6.40636987733811	0.293707231448499	167.762605917857	24.3655825912792	0.0923540561773051	16.3016227266977	-0.148978135373546	13.1572820029581	0.0154289213362944	10.7690965121897	45.0990328311636	-0.0837510458820312	1.66565741618315	0.00153009900840459	0.0558315822621722	0.141680503208669	0.0887911478927350	0.205815720756839	0.213930010483537	0.0905535522186796	0.135377942962776	0.0674875617685302
3	0	115.521538461538	-4.45445575603040	32	3.07651849648995	-0.0334209114536627	0.0562461538461539	4.36968004247396	0.0143986789119001	-423.945217449408	6.51015250730965	0.357277796853589	230.512002613693	63.4446001524597	0.421285475087200	16.4657557618289	0.135037493850451	16.0755174968497	-0.0163811638820377	13.3560435744978	199.880587660813	-0.0274808450840840	1.71056381550781	0.00110531960431148	0.0864828682359189	0.155918139864099	0.0739361489866610	0.200663862275292	0.183214989316326	0.0701499307618718	0.152757163143633	0.0763254009949606
3	0	119.650000000000	3.01446428571407	23	2.95551734049796	0.0616786491823309	0.0783428571428571	3.89244772224146	0.0166847736625515	-440.788231098867	6.44870340546787	0.306142851461608	239.278034304688	15.5148739521433	-0.0642029411366323	14.3665177860809	0.0491526871359026	14.7969523693283	0.00495657941491661	13.0032788186578	26.0974138762455	-0.102414891496619	1.60864934736367	0.00104424539840538	0.172395178484948	0.130905630715176	0.103386308138980	0.109690350562985	0.0997603818674406	0.105709395835277	0.142986674294946	0.135473869231873
3	0	39.2836257309942	9815.43593130370	93	25.0682658238911	4.66733834912045	0.253650695940631	2.74497512387748	0.673000795560198	-55.3866174868199	1.36850703889231	0.881507888504903	79.1508187905253	539.322370734737	0.0127648410668566	24.6813745515352	-0.0212710897457222	120.957296967365	0.00530876599326995	14.1116700229727	908.781875026952	0.0954840785708444	1.55963256536703	15.1175476761255	0.0383962926314725	0.0886361712777664	0.0357428414157583	0.167342739793941	-0.0223188046278082	0.281560064200511	0.0315133375034122	-0.0371696560783192
3	0	53.5222222222222	3490.49020713304	120	102.143768937703	7.73055536016902	0.0691358024691358	4.17784858424026	0.194333910034602	-1971.72189194830	2.89359100339110	0.724269325404631	107.089767067136	146.139813077781	-0.00925097743469229	66.8661732977368	-0.167447359855646	45.4322902662683	-0.0481043709764244	23.0626948892508	236.833526513930	-0.0829966704335432	1.94563110507306	20.5484407905215	0.129522373012625	0.121374546094305	-0.0380173051591299	0.143071384206356	0.179074681706783	-0.0959928767487712	0.123575589325338	0.0485743122623603
3	0	99.5122807017544	-742.361593710343	70	16.7065852459795	-2.47942809518440	0.0603385657125269	4.35150522733514	0.0666515913844763	-9567.73504183722	4.43896122037705	0.571001019731670	198.485460209800	126.342353555213	0.0749108409342351	27.4091911981080	-2.95736454062051e-10	14.5494351001570	-1.11576978593250e-13	23.3735197567459	343.336121393932	-0.0915864243551449	1.97479309391516	0.00154372267349916	0.0285847018223926	-0.0480395150995179	0.212793591682807	0.187094510349489	0.150647145731696	0.194876634458481	0.0631887424781326	0.212220515865283
3	0	95.2840909090909	12.4809031038694	26	2.75429550683265	0.127421654284699	0.0627941345270891	4.20964868112533	0.0131778343670421	-283.291598461646	6.64500151394715	0.310194297972631	190.479124603067	50.3089906280844	0.0438429090857282	14.6312358322291	-0.0671539521620357	14.1145759726884	0.0411287243435016	13.1115042183746	172.232633663199	-0.103335447521152	1.68859325123884	0.00132342094575276	0.135822750870872	0.117336233306403	0.106123822094020	0.142038157026363	0.117853542272272	0.124022271427464	0.135526123048905	0.120937680798647
3	0	98.8830049261084	11.8225861445867	21	2.91448785734785	0.217496473860838	0.0762242471304812	3.93265496907140	0.0130323656108656	-243.871536772745	6.74347983593213	0.285505606984015	197.498693342224	21.8432367906483	0.182562459731053	13.4667209707469	0.0452621536496356	11.6597135775669	0.0123496793632112	10.9666297587258	57.5957457924851	-0.0940874210963364	1.58067275679963	0.00127772990862405	0.139804036470679	0.0525171088558665	0.129283827108559	0.172749318062088	0.166631081306903	0.0927044802563728	0.0713355137149563	0.174489715685240
3	0	80.3152173913043	90.3448955165617	35	6.86165644458508	1.11775394454415	0.0741178323881538	4.00589352373851	0.0261187873048668	-383.781525478652	5.66440937053718	0.422277773043764	161.173758072674	39.5996595559680	0.0824927518946428	13.6747301353925	0.0145160355070946	14.2732293877047	-0.0135109005014397	12.1125425394590	99.8608308792211	-0.0857796519110676	1.63778751932326	0.00151345544541689	0.0796029382790451	0.189025436439913	0.105340884331863	0.125774896117854	0.138561427442781	0.141115341392755	0.163098011163470	0.0573674272528706
3	0	126.812500000000	-361.415116159540	37	2.27826455671226	-0.530190977678028	0.0408154432132964	4.85352513408812	0.0149377893518519	-121.530168119244	6.47416020762968	0.406149965178431	253.064049324989	268.821982398265	-0.000581327632070482	28.1193257090804	-0.0411438529348977	12.2114192798257	-0.00725630547513458	11.5322126354189	934.917076068741	0.0663477637939564	1.90498489040203	0.00120069186481553	0.0427615972001405	0.0279785743382917	0.0694149484192366	0.353910036714382	0.352050051129623	0.0870761631558317	0.0468693550656099	0.0200428985511962
3	0	115.619047619048	229.683079581039	57	10.0555652537616	1.17176011642348	0.0635060608605582	4.29046485363597	0.0434173669467787	-1344.35953114513	5.01587608152243	0.495607766403614	232.042979281600	85.0571930094856	-0.0307867252053635	17.4806301302564	-0.0412741643957482	24.9345295526246	0.0265299526602400	14.3921335728630	212.535606456273	-0.0859101495683288	1.87615277740147	0.00117144863188702	0.0549085341292965	0.221508311179697	0.107341941129917	0.182339830745304	0.107448989976376	0.109205254398077	0.188260199929104	0.0289017169175168
3	0	72.3398268398268	77.9701925729922	42	5.78947074936197	0.706900815917389	0.0681865032514383	4.13509301721343	0.0316993801652893	-686.501036520475	5.43081649089512	0.400896796054945	144.969009254021	40.2491383338611	-0.159920716904338	22.6335721385559	0.0268450748472306	17.1361017020406	0.0441405616984061	18.8128151948095	90.5746131025272	-0.108029172664020	1.85474783222770	0.00185560305714271	0.0952778450238938	0.0878144433183401	0.0907774338798006	0.231969676219904	0.250566691509249	0.0630337467061493	0.0936426603569061	0.0857765899491767
3	0	31.3894927536232	27.8415432848682	21	3.60913509335513	0.613995255048251	0.0916299096828397	3.70511785265023	0.0147387266340529	-155.029846912259	6.42079728787873	0.297727844931332	62.5601080643217	18.0985228129599	-0.200826710123852	11.0184475861209	-0.238476824916896	12.2537797600307	0.0651340511445878	9.60558529694036	39.9697908964639	-0.0801275239446276	1.54349294118620	14.1324523684021	-0.0254802749550500	0.147652839786380	0.0574799105137567	0.0957207130200857	0.0783165035439204	0.0704730236116848	0.138831373886944	-0.0114329021760682
3	0	48.3801775147929	-13.5282297334014	37	3.83517111602032	-0.117867919418713	0.0667825006127236	4.18939519536689	0.0211455621301775	-1481.81968811059	5.97984508602916	0.362417659104692	96.5434045426130	35.2587924283170	0.373681716315219	22.3113545145444	0.137992464535184	22.4701512852749	-0.00364994831186945	18.6743315840231	64.5744028287221	-0.0989467287284157	1.86041936901564	30.6867871786881	-0.0155649753629525	0.0458221910990915	0.0325908337941483	0.101393721916567	0.0780492879108667	0.0358488035867488	0.0749900642242523	0.0125399400722159
3	0	61.0066666666667	25.9160450370370	37	3.48109254960724	0.265542836068526	0.0680246913580247	4.12694970093999	0.0299339410754393	-1157.11060115821	5.69793163133911	0.383108289359478	121.922514521045	29.5782610226365	0.107984570420976	20.0977919085010	-0.244941340186147	18.4966265958168	-0.0816179646772786	17.1417934985614	68.8394356648309	-0.0749218923304716	1.78206805814710	33.4122840408245	0.00738033498042867	0.0154265143785040	0.0973611119032434	0.114909474712626	0.120741224446187	0.0600762789596310	0.0405169786641011	-0.00391170697841403
3	0	53.4470443349754	-106.489416495863	34	3.18462736928363	-0.505490101629328	0.0560405493945497	4.45193920817171	0.0157750342935528	-394.297071557243	6.46706519542967	0.377195157397997	104.953917590055	111.408948253561	0.0570743802445350	13.2433330907410	-0.101784870758331	13.6193776911304	0.00396699443968039	11.9889185026041	364.201300061910	0.0425855266726581	1.61723662092336	4.41959433991542	0.0821435338285887	0.184595620208983	0.131985721233200	0.0632875971778311	0.0747956522408941	0.117336506499665	0.177727126401507	0.0882860161794952
3	0	118.703636363636	-0.788803870773864	33	3.53597270375327	-0.00879905865313542	0.0735008264462810	4.02983746605920	0.0194938775510204	-730.356728609383	6.10762467751476	0.322187007785144	237.615917485511	31.6269838969971	-0.152883621960856	19.9859737041427	0.0154753125446054	18.2637956056455	-0.0331342702905379	12.6162402118372	64.9761438924892	-0.103386298786724	1.78512896632007	0.00107703846091888	0.0697057211883347	0.143283921561221	0.109641452388061	0.196040632717384	0.199505281071083	0.0644129813078678	0.162062347956919	0.0553768828472130
3	0	49.3470507544582	20.0113780146514	29	3.29613390912908	0.293193499923843	0.0780237128862847	3.94420121537490	0.0237376319997403	-372.649882264113	5.91857890569792	0.304759081988433	98.7676064058124	21.9399500529753	-0.0157140543350319	17.1782574437435	-0.163290656022242	15.3634907086902	0.0724683293760064	14.4174682593283	29.8835986634853	-0.113440425201082	1.75004527673761	0.00259349657203590	0.0997581023446763	0.123914024271429	0.0889162443122551	0.189462954739298	0.162690658324848	0.0887531242110757	0.136773474668164	0.108157970001287
3	0	70.9738461538462	7.38807072917614	26	2.84344233212140	0.130684221748447	0.0810508875739645	3.85553585005706	0.0224551590236687	-543.913452281620	6.03307109801952	0.314195832963353	142.289889382010	19.4504120716674	-0.126553911707718	13.0953246916842	0.135595470666051	13.9649920826061	0.0484711583750424	13.4233853421218	37.5725523535852	-0.111429559511011	1.65320272256015	0.00177077323756339	0.115171424268546	0.146253438721772	0.145156301385647	0.0930549510293020	0.0959718721598648	0.171735123473482	0.135400852755488	0.0963918331078162
3	0	23.3050397877984	23.7616552736406	13	2.92986651251541	1.01562637684463	0.258518669659253	2.55330730325364	0.0685256536046372	-27.4954620851531	5.06334831255261	0.387633899028955	46.4860291831815	10.0514471899086	-0.0360059762352261	7.47371163380989	0.0893751884869223	8.33138977031390	-0.0330964822949927	6.80461278555056	16.3263863493596	-0.0938833549485851	1.26989057612082	18.9543795112340	-0.0120985404371829	0.0272349858939673	0.0596231880908888	0.0102383563639981	0.0283960542430064	0.0464930948718276	0.0259177800842210	0.00354682939024542
3	0	103.387351778656	-203.718754347603	70	3.11352151093253	-0.154029185771625	0.0293005671077505	5.34035911205525	0.0237645152578990	-410.003634588110	5.95503646506885	0.473080698347215	204.738299523727	427.413716532221	-0.00554491174783383	38.5289484225891	-0.0464373844603615	52.1724995805455	0.0298581729381892	21.1731022493265	1201.93536118769	0.132888150763051	2.17696209570064	-0.234838783816485	0.0195689675173831	0.254300428902607	-0.0481368020510704	0.277975512271160	0.247911533673644	-0.00754312779274002	0.248536775896497	0.00995250499994427
3	0	61.7588757396450	34.5916112422823	32	3.13229873199936	0.348579538874771	0.0650931339939078	4.15575699757200	0.0167621301775148	-454.921317250385	6.28341007912347	0.320903991193672	123.575291735711	25.1970439552154	-0.415533623284849	22.5679454887467	-0.0356714787696976	21.9873727317912	0.0108120616601398	19.5966611842047	45.4968870307423	-0.114983849589908	1.86299443282803	0.00203187314489343	0.113355464272047	0.120478025039446	0.0772575869249401	0.176457147094865	0.165055647611673	0.0996232785427367	0.152039947838414	0.0944469201163543
3	0	41.6844444444444	42547.6735717311	196	18.3005365073877	3.41108832767987	0.0511407407407408	4.88847956498425	0.147585034013606	-236.532368920039	3.57681994275833	0.651898192672941	83.3688888888889	1875.61968364898	-1.24216604409829e-10	84.9186218564467	-1.24217148172395e-10	171.470931674041	-2.76322175017817e-17	28.9656834551481	5056.16153979389	0.0618505378971344	2.69025958020273	4.83169502889331	0.0372327631964482	0.301287504370970	-0.00644440262161952	0.191417044819929	0.179067994414432	-0.0332109685509305	0.190340894711068	-0.00720187976444109
3	0	78.4855967078189	14.3161932821783	28	3.26115506504745	0.205611064719676	0.0821859811343122	3.91147890680765	0.0193981785862128	-487.657261651690	6.25760641999808	0.339790598153411	157.152144382859	20.5194242637268	-0.366697937592348	18.8579953690762	-0.0518663968949766	12.9276243061454	-0.0748394796596447	14.2976523542588	34.8641826483188	-0.108148782054783	1.72657816163898	0.00164713630515442	0.113944325689239	0.0627485180739242	0.110935883638078	0.198846779076789	0.196359374458567	0.113901970517595	0.0851546387654381	0.117849051261942
3	0	30.0118906064209	-31.4889861623296	34	4.11712462344616	-0.438580437875177	0.0820508397652418	3.90504994949680	0.0279474750661264	-1506.84813995189	5.68605761738074	0.382810819260313	60.3586845233008	22.1315250463705	0.0921292438443935	17.6174082072186	-0.0230708721294397	18.0922195391758	-0.00892504558236286	12.6738859076808	39.3645067538768	-0.0846585461603753	1.68991323031618	23.9834268332937	-0.0114409463351102	0.0490832847778613	-0.0257236788592996	0.0749728026196321	0.0812946298751296	-0.00123553036140756	0.0454183028603858	-0.0124076126930746
3	0	8.69230769230769	0.514519799726896	8	49.9047378224640	3.14428244463698	0.563820118343195	0.918014194647344	0.323782400000000	-2498.41016913470	1.83189467018061	0.797615201473429	17.3871321289181	0.362187896870941	0.0165752272302629	0.359835215023059	0.0276006418003730	0.244777836542709	0.0103542178440112	0.258737013949784	0.363366193492169	-0.0886845210734960	-0.563735474824313	8.15292749812124	0.0255852020920884	-0.0302670243287508	-0.0257785702536637	0.0501038361530704	0.0459945796049936	-0.0153514102228911	-0.0243868595904786	0.0381184407119690
3	0	18.4400000000000	78.1455679999995	32	2.31490196798624	0.306636333420925	0.0557333333333333	4.35008880204216	0.0111863894139886	-80.8731265139914	6.74448967987905	0.242680499122902	36.9432755461120	63.1527133836322	0.0867182619588970	38.7952225243948	0.155608066092848	35.4041447602253	-0.0802934621851326	27.7717216588045	128.345649414858	-0.0947378265737179	2.16473772207787	9.13719442106545	0.00387132935450102	0.0784009728765474	0.0351304523459272	0.157821958197986	0.142643052891886	0.0390596960396813	0.0588715718579116	-0.0143447793428866
3	0	26.6784000000000	-60.4796465233922	38	3.83907585256145	-0.363165092318239	0.0715084800000000	4.18365467147815	0.0295555555555556	-554.985515419036	5.95251593696196	0.358646742393515	53.4835866522574	37.4340570314220	0.178020545976733	25.9007606810118	-0.0174369427786864	29.6511202424992	-0.0299081261830308	29.6316454838751	75.9847764209352	-0.113755089641081	1.97723122452117	15.7917913122897	0.0422625629080073	0.0398251991904612	0.0582718198636171	0.0479197674852934	0.0592673767623750	0.0720311174117070	0.0327290776766231	0.0506987906821017
3	0	93.1088000000000	9.24854830694386	29	3.40051089274956	0.138430710539975	0.0806169600000000	3.91593706831646	0.0232347222222222	-473.764154506455	6.07953995353670	0.359060466050423	186.124035929127	20.8675179722866	-0.229577430601851	19.2188013393242	0.0733747191532232	15.3869604530133	0.0589483668032994	14.4323819894056	39.6315185663166	-0.114805170947181	1.70429304890700	0.00139559335572412	-0.00100535129875823	0.0631463029975379	0.193662652156988	0.232236394019409	0.257287385235632	0.163244392563925	0.0711297085360911	0.0200319237914073
3	0	12.2242798353909	125.604575595898	25	4.78911846314616	1.41640409164011	0.136183508611492	3.42499446832887	0.0637915251296661	-40.7957155029169	5.18063093068296	0.405856141541341	25.1635090571198	26.1346158472688	-0.310944652984583	26.0443906649720	-0.145577993475256	17.1884188695369	-0.0416685627424306	17.7308377647037	51.2668194358611	-0.0995774340518054	1.61527514568105	9.31513722237865	0.00423355898826749	0.00402057604529460	-0.0428116144193459	0.135812397068477	0.157689567241344	-0.0641349708856561	0.00509017841446147	0.0309824735639097
3	0	61.6186224489796	40.5261511009777	43	4.44554990829668	0.356234570920639	0.0648655508121616	4.20675692406940	0.0348140799529689	-893.637862755973	5.43715683967858	0.431140623786678	123.641328986683	34.7841444839786	-0.106209815877838	22.6803366952718	0.290491469474741	17.0220077108393	0.0947530445015748	15.3688505839750	90.0869794652605	-0.0849331219794670	1.76715279530035	23.9620732354242	0.0281970178872957	0.0839074788953909	0.0357306463225520	0.156021166667308	0.173245500824867	0.0334769100088010	0.0831533223784504	0.0181248016709787
3	0	106.360526315789	-17.6684318778245	31	3.20487061519049	-0.115715671262749	0.0555263157894737	4.40303556316971	0.0146296296296296	-420.196687193508	6.44388836473485	0.376986146780265	212.665318714427	67.2862780046993	-0.352904176924647	27.9614605520405	0.116953058398196	11.0168285021351	-0.0229962556618863	12.1135390642968	198.394179295675	-0.0967063498137200	1.83803012408458	0.00137442654384160	0.0413980029989460	0.0386245968698375	0.0506837316461528	0.358046413206822	0.363294595308915	0.0298315929063051	0.0605146913318606	0.0567298571743322
3	0	24.2535612535613	-108.807291195860	31	2.79218648676449	-0.519163891018394	0.0595246791827988	4.34307270592792	0.0140356652949245	-247.561058403094	6.64679183648994	0.283410707935874	48.4848178381860	40.6239958531772	0.123242685786356	33.4298795854370	0.0866166744175631	36.7923455686748	-0.0732906528559426	22.9744725041010	54.5292253648720	-0.0733635983803262	2.08855912932017	18.4985132218173	0.00167931670267768	0.0654027274885196	-0.0329099926224806	0.0822660787255218	0.0922948243944477	-0.0544092298655012	0.0664747545098408	0.0133368073053326
3	0	148.443452380952	-5901.22416053165	197	23.1466412965817	-1.30432597455712	0.0528805272108844	4.59454756866508	0.211831054687500	-5577.46621217914	2.72605127560906	0.747426470588235	296.644791021173	593.203200795587	0.00729982508811909	647.463522604341	-0.00139540325783283	28.9756990200757	-0.0330267551320556	21.5157185010141	1035.96466632977	-0.0455242999445131	2.43505660980450	0.000377569387346182	-0.0201107698695395	0.0649019373380568	0.0153589370566500	0.510230341173614	0.483058179767227	0.0150587403220293	-0.0420086513156264	-0.0278811766119418
3	0	8.70061728395062	0.894263603579715	8	52.8995357248630	4.12313655850520	0.561013946044810	0.934763927622665	0.315083199141170	-1209.64548168097	1.86951520626801	0.784257561010809	17.4070349050090	0.426924768356700	-0.0191392377849980	0.227582511697951	-0.0115269015643867	0.303297843603428	0.00235874313783584	0.320017532177893	0.410213905300637	-0.0662102644597776	-0.532630721369707	3.36450736926190	0.0425986538672234	0.0144187751755851	0.201758012521033	0.0453871902435878	0.0462623594788028	0.211312821150720	0.0208635999030520	0.0301528089361227
3	0	73.7642857142857	2.50079664722997	27	3.44337322923929	0.0459740342672162	0.0804846938775510	3.89387458654779	0.0198105996262952	-639.222605547310	6.16611467488561	0.345256658936184	147.602257655112	20.2398547419024	0.157499050865175	15.0250197805320	-0.108830637295591	11.8841498214132	-0.0392868640043853	10.6813927308808	43.3715861539066	-0.0806419968964487	1.56295190693425	0.00177642802313851	0.0625289585062774	0.0834955274151952	0.116684984487108	0.224697958121723	0.236553008573360	0.135059103351026	0.0831854987868184	0.0578524909483349
3	0	13.8017391304348	157.175321900879	34	3.05401266282756	0.618891004517666	0.0555221172022684	4.37720896275299	0.0134080944129385	-82.0526978473223	6.58024897218685	0.298515116033102	27.7269061781671	63.9836381090004	-0.0671120669297843	49.5169382433408	0.577331914629831	34.3875080807315	-0.0602884300857958	20.8691909496722	153.552489908498	-0.0924092054894264	2.10932610503352	5.94707028088982	0.00707215251231363	0.165162877266044	-0.00744853369897869	0.177382443221886	0.173355371923168	-0.0642336377962399	0.138164303247854	-0.0213755814520313
3	0	65.1446153846154	79.7955021137920	48	7.37118359312871	0.765698538083798	0.0676355029585799	4.15054022383017	0.0415014400000000	-939.515501269522	5.07861580731386	0.493554436903971	131.321104363303	44.5697586844511	0.0707286124899564	21.4472870205869	-0.0842831154948014	14.8401379941325	0.0325905604879700	14.6112956093131	130.459096434114	-0.0893116203421568	1.66724965080436	12.8104354099532	0.166985289383398	0.00472229808254099	0.0347216525305676	0.203049308829392	0.215362673543622	0.0382318324744730	0.000803298101843097	0.138797469468045
3	0	4.92857142857143	-0.0568513119533536	1	12.0769230769236	-3.32820117735148	0.867346938775510	0.370943896294994	0.754369803476946	-250.534968299428	0.745708006667683	0.872260851243152	9.85197728098087	0.0784320214501650	-0.0173086901137262	0.0750640564784545	-0.00312520242207204	0.0583023569839011	-0.000795112521318808	0.0634165151415846	0.109309208990574	-0.100229273058184	-1.78167702573323	4.05390158127557	0.0776524871096740	-0.0654360280929609	0.0204235031058602	0.0489407013843106	0.0508651138375740	0.0208664488205272	-0.0645924258268451	0.0885617834712207
3	0	93.0295138888889	-393.870888614523	57	2.19932081896530	-0.273323062562643	0.0276270736882716	5.33598501471559	0.0173200876916614	-167.429294143561	6.30836174916921	0.505802080181571	188.532403579962	369.992212985122	0.0880752698695658	22.2374473502050	0.0691587090430686	24.1166166434886	-0.00966818981603564	20.0313671858842	1227.87027983499	0.282828930123936	1.89876289082923	0.606750016246281	0.310721679744873	0.171868885022505	-0.0586302623515032	0.101226509913456	0.119356478934577	-0.0497716267248691	0.168142160396869	0.230500645378868
3	0	45.3184523809524	15084.5491507460	118	14.7625450813656	3.27638105276652	0.0452628968253968	4.80511825578711	0.108813476562500	-170.272958244627	3.85606224898370	0.703660916289593	93.0511873349962	1137.16311792376	0.0165554255960094	162.402958804787	-0.220478868832309	12.4381379799102	-0.00543594189166094	10.6701845092176	3749.09397719701	0.174488804080427	2.08490453862981	-1.21732791351521	-0.0872251017704775	0.0414437968070103	0.0557176699404960	0.491724014689927	0.450187354880945	0.0568439744142752	0.110800353505752	-0.0873657076079439
3	0	103.062500000000	56.9067382812500	30	2.77592103410985	0.332441713960570	0.0543258101851852	4.41632757352610	0.0151316500865052	-159.719129065408	6.57148748637633	0.340147915285358	205.861972558685	76.0635836238636	-0.0138134219696750	21.7374286380959	0.0706890396474034	14.4875834551513	0.00933799438260200	16.9269279381083	238.880825675759	-0.112318277184568	1.95904619089223	0.00120706810794156	0.188469065275228	0.145655156133415	0.110457141973036	0.123555527819097	0.162950478859742	0.0764172975916946	0.0609362340057658	0.132376248856758
3	0	80.6538461538462	19.0204319020882	33	3.40018295723468	0.225468672446791	0.0714076996128278	4.05344718115464	0.0178422936871958	-621.987720279636	6.17180507791306	0.315889017598835	161.868730305052	20.5993059990254	-0.403571624369512	22.3091416377837	0.0938745274133420	14.6314367229885	0.0429801813070085	19.4434662265792	33.4309944128727	-0.129910970991976	1.82868156867134	0.00166190428661860	0.159063172993143	0.0138113150348183	0.0904079910017188	0.234238147077676	0.244903421750392	0.0925073170210311	0.0296707877675644	0.134741856610162
3	0	34.8181818181818	642.402382741224	73	19.9867734290043	2.46086137260218	0.0618241787072956	4.31070132119384	0.0824870867768595	-1066.64129327231	4.34072562104942	0.599115312350607	69.9012267363038	77.0067676146748	0.159487441649694	33.0326128838340	-0.122047977314858	19.2722575689018	-0.00947971587740324	12.2944648296963	168.983177834675	-0.0135500223321851	1.88316982367778	-0.158919941599038	0.0826816671572456	0.154315645187632	-0.0710506175252088	0.301881173470940	0.353345540214201	-0.0524338034562548	0.150273796610904	0.0845577421921746
3	0	85.0443213296399	8098.31177394680	95	7.38746374976488	2.15576809479542	0.0448968316694930	4.95668778498291	0.0731036900242809	-154.067295352585	4.68518727940735	0.604738830389429	171.913886702587	945.576912434224	-0.207540808761282	35.1431253850735	-0.261719680599186	48.5078774457523	0.0404268590025615	42.9120365578499	2845.64248023638	0.202992372168362	2.22262306406592	-1.79548203691957	0.450481829715734	0.258176544431848	-0.0210656917475571	0.0384495617100153	0.0112197479799576	-0.0607292212820454	0.232041550263428	0.115337792634392
3	0	70.6976127320955	-4.27295379456263	29	3.00802178547345	-0.0554427803613185	0.0712838337003708	4.04503251183758	0.0180917954815696	-781.750530453231	6.21605893311998	0.368738933764967	141.404785829888	41.4887483319123	-0.0651414429808722	15.4506061192490	0.0260322651763147	12.8677719567180	0.0344450065308259	9.32288844736525	128.310997807577	-0.0528006892452797	1.56993213603088	0.00197532929077644	0.0517806036486164	0.126532500141259	0.0478271235150771	0.270406725589517	0.259806864582103	0.0477193377233149	0.150402170829992	0.0452825808706052
3	0	7.50307692307692	11295.6841089340	123	63.0543846072142	7.16375112773219	0.708222485207100	1.33435724115131	0.767052800000000	-94.8344483943851	1.10929301281577	0.910631583106251	16.0663310516110	419.990499308109	0.0316032979147899	56.7880151747580	0.364733005959387	148.166712307795	-0.00736842458511332	35.1828086786370	981.095110373974	0.0850229928030953	1.36478180337456	-0.468284294564927	0.0370564212284308	0.337066307488947	-0.109466396512749	0.295976881309093	0.311670449556431	-0.160111089478910	0.248245117742383	0.109658273915171
3	0	46.9659863945578	33.0418945494807	28	2.93260114694693	0.207872363073528	0.0558666399288362	4.38435162186801	0.0144529478458050	-179.423038789722	6.55133269514630	0.361108358635440	94.5959430672382	90.2372995139745	-0.0681436965358887	16.5783135009664	0.105308105879431	9.36835515531852	-0.0415646392205665	11.0052673566584	303.564215621484	-0.0232287652161400	1.65857050861117	5.11265707494749	0.0929945638957079	-0.00260872034228576	0.153319425883154	0.226001204115576	0.230457031098618	0.115055937144135	-0.0179608890629766	0.0884621703715425
3	0	65.7248803827751	3331.94985283146	77	11.2972830515790	2.33521781488655	0.0407957693276253	4.95444388177362	0.0509324690171545	-138.938090938148	5.01262940655528	0.585505563931903	132.921705349755	502.346529058621	-0.0821885943790492	29.6979535277060	-0.0131047193909179	24.9366843157748	0.0253899343416227	17.4214215614131	1585.16131571723	0.0938781850218127	1.98782773991826	-0.440925240839420	0.0433585321726859	0.199910846908804	0.127559477308369	0.224754866216801	0.232958297632663	0.0781203167062117	0.119714473022484	-0.0169139970871584
3	0	94.3780991735537	-0.664805484400656	38	4.93391933229769	-0.00956508254209402	0.0780684379482276	3.91077938959188	0.0279932909803040	-2672.58366168238	5.47925083079339	0.409988548812078	188.963009029544	26.4663618704119	0.0689282918748248	16.2593826790515	0.0633703990977841	12.8598850940624	-0.0150437503340312	12.9921241283479	68.4911685043098	-0.131765058185638	1.70099352017895	0.00136297548265221	0.106426029037266	0.0964532357790233	0.0901960406263029	0.208556453787295	0.209268092572664	0.0869379490209781	0.0977055657435670	0.103477597106576
3	0	14.8952569169960	1504.20772295053	46	9.68392830476437	2.65247175868684	0.344982736802637	2.67079669482300	0.372101461648794	-22.2311750367151	3.07344464526890	0.730212633008388	31.6707649790226	232.607441914357	-0.108632358145375	46.5268936058906	-0.0494853917525157	43.2535890952093	-0.0446139323339218	18.3977072539873	579.942241480269	0.102664924714093	1.68142343097124	-0.787436514770420	0.0232339303990452	0.254663019530012	-0.0187149977406509	0.289125787748134	0.285303155835239	-0.0519865101482720	0.273414449856409	0.00653115729732345
3	0	48.0113636363636	590.661547356314	102	12.0258231807129	0.499921613465688	0.0465198863636364	4.80557680956575	0.0972177933673469	-1381.58811424441	4.15104804685028	0.657322927920805	95.5667459482352	251.704978336509	0.0235795418465632	87.7184928816973	-0.0231849411570837	70.8916073435537	0.0311448380467449	30.9203108612210	738.613786273039	0.0220337667416227	2.10048727875586	-0.603954610213691	0.0409796891338141	0.313631645961728	-0.0426989338193682	0.325426712526481	0.321288408988986	-0.123096533745692	0.129390893324871	0.0363362078001792
3	0	112.117283950617	1.70304370569865	24	3.23999229033486	0.0374002805554615	0.0820663770766651	3.85007284870554	0.0211543597961867	-581.210755707479	6.15363304295999	0.322823048744530	224.415079825409	19.1696219996857	-0.114947139281201	13.9699963792721	-0.0619734349816379	10.9391575399659	0.0499595104967366	8.98677723394176	47.2392919928177	-0.0872948564827891	1.51580128522169	0.00117485332782111	0.0985379703694207	0.158433766714253	0.0492523400047276	0.195230512632037	0.208592304534662	0.0513366096810159	0.155119868426340	0.0831632784779686
3	0	84.3710526315790	6.79946533751247	29	2.82186770291854	0.0475948960194288	0.0575484764542936	4.33844935688683	0.0136662548629922	-225.644687310993	6.59257361437682	0.311812295453464	168.234927989654	73.8625456001970	-0.00102052804590672	14.1886982302943	0.0573727115783390	14.5630592864303	-0.0409426225182935	17.4319092433285	229.217302017179	-0.0887044448908492	1.81192181502682	0.00149756256451233	0.136362502589137	0.0882761595704267	0.191514684152608	0.0619520007051904	0.0848980354363391	0.178174287551258	0.113300185566828	0.146830815375381
3	0	78.7916666666667	2909.68368181360	125	153.416747945519	10.0692768951343	0.0820140201638311	3.87792913827993	0.229475149219467	-2797.48048801482	2.43810688244951	0.745030482563437	157.516513605343	59.1831660283645	0.443471658002263	49.8990247953264	0.0284693556571802	20.1149782522977	-0.0661580583045084	15.6720852715874	49.1855580151930	-0.0998601021914898	1.76873515426816	0.00190224597550595	-0.0207207568060639	0.0727593391122436	0.00105433097653496	0.497289118052372	0.400883464340428	-0.0217514087157005	0.0760006542962515	-0.00533589575078963
3	0	53.5051903114187	13860.6032168360	125	9.88846760125855	2.40617969335775	0.0326744172124376	5.25244547973632	0.0737997404844292	-251.295133407607	4.51342269560244	0.652726828619099	107.743014988637	1142.36003561463	-0.211321478637375	148.782826038937	0.0929987403612984	52.2438531319529	0.000317695847483375	37.2230782051913	2734.38672872166	0.139614083817144	2.46151628703925	-0.451430077651452	0.101805349225193	0.0829665708325926	-0.106411993955878	0.435204706717199	0.441796703667144	-0.146866258289789	0.135616332284926	0.0639119788728095
3	0	69.2587991718427	99.8127621710407	43	2.35650659297302	0.172283929232195	0.0371084791824732	4.92890572961495	0.0163941398865785	-184.388231491172	6.30796068664903	0.484377197973106	140.552710143020	253.046307634627	0.262916381132104	16.1128164525307	-0.0457275487879077	16.1613943767867	-0.0628938763449220	11.1099105719211	891.795742132175	0.0799146405254537	1.67413848100995	1.78200208717482	0.0792843579038980	0.123453492724536	0.000462639569363432	0.243994819147154	0.207143990208181	0.0853033390455309	0.127937551506790	0.103351135894684
3	0	38.3238095238095	186.209763956376	81	16.5303633018764	0.576386609609732	0.0611438649533888	4.34886622507948	0.100854967837475	-3835.45566850846	4.11357954984772	0.580379428278588	76.8763001709500	116.496903790829	0.0969247125195163	30.0606680245155	-1.14542839410900e-10	34.1563835060329	-1.44416988655815e-13	14.7649639239765	199.598959988052	-0.118940045662839	2.01525294838812	19.1244183801603	0.00982948655464355	0.195863925386650	-0.00338543757845500	0.120992517159946	0.197098036406940	-0.0949220883036688	0.179533423509163	-0.0959518370481831
3	0	27.5263157894737	762.699977089536	72	10.2715921150863	1.35226821906636	0.0606968549192530	4.43582339990352	0.0813296398891968	-442.897734492638	4.52126405817322	0.577825558398771	55.2918248496072	158.698470087460	-0.162399715030481	73.9640828999001	-0.193049713810311	42.6048945433439	-0.00777163300019592	18.7929519787297	290.147544876375	-0.0435754070423325	2.15358412734073	6.53101069948670	-0.0307858566879892	0.00526419927344946	0.00715431594427485	0.368796549336293	0.413295023814387	-0.0618042212777773	0.0892521849872505	-0.0318996603472037
3	0	31.7345454545455	8271.33454261759	107	12.6680251108715	2.67124802333624	0.0385454545454546	5.08113674188025	0.0671165532879818	-173.015432228352	4.57306691926330	0.626209057926705	66.7140983413771	1043.49117408449	0.0567367676298954	39.4702838583642	0.150741171189947	45.5622943053858	0.00916230696131159	21.9368887282213	3412.41160183125	0.145460579599692	2.08134757247099	2.14114759897386	0.160522504498211	0.180236613163256	-0.0587467477428469	0.243012617365100	0.225069725621946	-0.0450355185824509	0.178777357022280	0.0318478294597391
3	0	121.409007352941	21.2532847998660	29	3.37021655698704	0.252816329427053	0.0820616619809689	3.92725638546100	0.0164338699494950	-424.083063993168	6.48074674121369	0.311753274518745	242.599363991585	22.8964707947707	0.107498817442710	19.5491570227783	0.0961344770410067	17.5592603316961	0.0133258418876986	16.4100194173855	43.0042594144754	-0.0849329395890199	1.75048077026960	0.00103638130601219	0.113930756360546	0.126232525632304	0.0850270522083321	0.183512187603142	0.178023804412575	0.0766924188289835	0.126208896131544	0.110358375960004
3	0	113.912592592593	47.6567253105732	40	2.96127979707018	0.152223567439766	0.0510134430727023	4.58783675409079	0.0164918648071941	-232.471625082824	6.39581468959190	0.367328297193194	228.204904032750	131.188156312492	-0.0797540396313639	20.6585806003350	0.0484629024718822	24.0461821055917	-0.00250742959120549	16.0413700538592	434.557161602158	-0.0274601343732422	1.86311281462447	0.00109960696392558	0.0849535009838149	0.128653092902994	0.0879293102401988	0.168675537892391	0.185174072335599	0.0697656219079903	0.165223233895844	0.110036333318590
3	0	150.472756410256	2630.08237604070	86	1.91139083682359	0.297827283521363	0.0181919275969757	5.99581180116252	0.0127480631059557	-63.5041779468596	6.66855091288519	0.436707322028128	298.168325486427	1605.29833729326	-0.121887945294083	62.8112835035889	0.143644202009181	69.8169901755434	-0.204683753972938	50.6796510801240	6135.27609998760	0.0837697713671569	2.31256738508748	3.14901667125423	0.0809878398416544	0.202673736129363	0.0444149487357635	0.160951235673217	0.167131713549587	0.0427888765957754	0.194548910379659	0.0856305163054572