1	0	109.230769230769	11338.8972043217	229	2.81233477770140	0.237521717879853	0.00843318198954253	7.05288431289636	0.0149465793956439	-245.132044001725	6.41905308383863	0.395833238151179	220.336572667113	3874.90353669794	0.112777712431325	573.129037459123	0.402180907719959	745.329720852645	0.275722721744219	346.032761948024	8032.82760960740	0.179794281969358	3.52442823576791	-8.57743227067203	-0.0840184306766775	0.291945864828340	0.0988684711204444	0.232182189949193	0.220372264234772	0.102130333431063	0.278275704715674	-0.0619439018954715
1	0	97.1496913580247	5461.40013405914	111	3.25984181975892	0.627847399772861	0.0158845831428136	6.18648431915808	0.0130769290609660	-144.289434133888	6.69601235916477	0.376141473105552	194.265369436640	943.009763869903	-0.125842771803071	371.674751807229	-0.154505071135226	235.951452670920	0.0671723714887381	132.596773565210	1775.92852117868	0.0863130462646271	3.10273477085761	5.08229210045408	-0.0801097374550603	0.249127620487877	-0.0987101030797484	0.431625758474878	0.405970099909510	-0.142562280169540	0.277525215932684	-0.0942724642669006
1	0	114.992723492724	142869.640907809	234	2.53085747631963	0.688470482856492	0.00817769632738448	7.22942179436738	0.0103008117831836	-53.4659707412938	7.13649574921158	0.358497927287152	234.599873131164	9600.01446200936	-0.0389746069319961	2126.11055146864	0.557964210972615	1628.64662655860	-0.212601338996686	858.157499577577	17693.3810723960	0.135012080009913	3.94368648504113	-2.25994646365018	-0.140924501220909	0.250487076467115	0.0381432720543614	0.358842946598243	0.354789269711405	0.0414713073863354	0.251354105462301	-0.132865951045697
1	0	109.593883357041	108996.822108484	233	3.32380347459097	0.965928087787213	0.00901845170767833	7.11123164470957	0.0140775153038542	-101.787036060676	6.85220352372167	0.356701395048922	217.328629455693	5764.05492156916	1.25362171666203	1315.37843528760	-0.437078350319601	1297.45318163354	0.00611741037130902	514.144050164196	9526.14185801838	0.173224964701610	3.79560978559595	-4.37570721692850	0.0192195497952933	0.332799884046564	-0.124556182107008	0.295426487600870	0.287754131150779	-0.133947097138301	0.329662001074843	0.0330789920578631
1	0	138.413763066202	44815.4724483601	197	2.37366778859306	0.533430715513476	0.00832078816059440	7.10987533698447	0.0104173309948980	-91.2572789160876	7.07515297964239	0.352109426241807	276.822561245472	5040.77440405252	0.220811184767652	1215.84587001741	-0.538979117362336	974.153674536902	-0.0764233816965894	419.475778279446	9618.52765159937	0.160284862856543	3.64644861077244	-2.09143483613025	-0.162491930884244	0.307842327109289	0.00673741396376615	0.360967277287983	0.355028888022011	0.00329781569112364	0.306651960829424	-0.163392735325239
1	0	163.928994082840	4941.61081720865	210	1.68993428224171	0.0275931888109061	0.0137687756030951	6.91952963043549	0.0155846153846154	-81.9354035089260	6.98253896780864	0.351756276734689	326.170742666337	8966.25906445829	-0.328390827986385	1754.25753377883	-1.26548088188728	1406.75984241328	0.214548712110768	761.830782332817	20286.3523738086	0.193041546436980	3.99511735341094	-1.52127903784037	-0.0803124835337632	0.277595773907546	-0.0365444980464813	0.339482448119336	0.339638511222886	-0.0249571987273215	0.266395608139246	-0.0718594171137479
1	0	131.902777777778	35240.2577685614	174	3.63982149433027	0.917394344862513	0.0132253086419753	6.45255441746055	0.0131404124149660	-92.0023631724466	6.63651881576452	0.342160147011880	261.497446683252	2486.88097666230	-0.959446009101235	818.685343462476	-3.89621696309692e-10	881.348940125278	1.42934397261566e-12	223.959189565204	5171.30569482528	0.0182143274656812	3.57276570898074	12.8047288323482	-0.218320958098902	0.404157784301832	-0.128148268895949	0.379415117808112	0.430208836053963	-0.129472085053819	0.413228631943737	-0.250703471313972
1	0	124.768518518519	65919.5162807055	208	2.68925503870755	0.634056955276661	0.00840459962277092	7.10604399026746	0.00931707077477808	-77.6193516073280	7.13314032898056	0.302501420307251	252.118274207744	6353.32443948197	-0.805056922495923	1155.48849832664	0.867662407160912	1213.59110853612	-0.0575767881610262	491.136072562478	12779.3086574758	0.113487285432113	3.84537796707933	-5.09967619647659	-0.0443798286274633	0.369511517070850	-0.115630192046371	0.311970145481374	0.309923090625224	-0.107874292833945	0.352496146182864	-0.0349966672879312
1	0	125.147058823529	102131.380331562	233	3.01638584105631	0.778704787855083	0.00906813029471423	7.08922326954857	0.0110913480278954	-114.142018357460	6.97018075112634	0.340629826929979	244.252559358017	6253.97511574870	0.0981146979739476	1448.12321277126	-2.66140951811820	1737.30209717011	-0.597465200355606	510.405169739388	9043.65290874518	0.136999885879401	3.89523598080220	-0.318971420039361	-0.162386365365552	0.368094570855021	-0.111459512179052	0.408255352564832	0.412145588970445	-0.108333717350356	0.362512083124115	-0.166179933180503
1	0	115.807563959956	83762.1150198571	234	3.18818358179998	0.736193442579582	0.00834817081394356	7.16245291955195	0.0102728233584357	-121.777074170306	7.02451355938110	0.303819201860572	232.521516215619	5675.62472404113	1.02710895497001	1534.74327904717	2.53018354572312	1723.75367327756	-0.151686417643061	525.391114946855	8972.60649089795	0.0796533426033312	3.93820630108981	5.88247784004977	-0.157302221122382	0.387156403626135	-0.102167711420430	0.345330308834023	0.358692697726605	-0.0875101663107418	0.378124997167626	-0.171762715402163
1	0	114.790196078431	90556.7355436747	205	4.31529286440680	1.28699407373494	0.0110188389081123	6.80466200169836	0.0177844097541067	-87.7961278195343	6.53645814437668	0.376965191925445	229.204851910101	4373.91503755261	0.561334425965478	767.835352612007	0.347293867484801	995.954677027819	-0.275438527981219	463.604351751317	7963.96522867259	0.170630973045006	3.64867918895145	-8.08281864454500	-0.0853810303418890	0.278741048271820	0.100180407237414	0.253602007925395	0.242656341830399	0.0768223005022453	0.298617098853888	-0.0970666106272287
1	0	107.848966613673	55217.0875512078	206	3.46653358068572	0.820019448125215	0.0104008431886483	6.82565415196961	0.0120354729729730	-79.0338900138575	6.77557094992956	0.329053967797540	209.498932255770	4108.78139492553	-1.82401619851949	702.403313622840	-0.215298113457297	1357.97131005983	0.354232529187734	425.768159647043	6985.76158725334	0.0785942641366555	3.43968670159880	1.18655975884246	-0.124573819357488	0.428770846224304	-0.0308528542666926	0.221175173369937	0.241465749333979	-0.0195749288888136	0.416515637973830	-0.144914259642009
1	0	86.0564903846154	6500.08338424342	126	4.21397997759640	0.848969645833213	0.0163646449704142	6.13522548961420	0.0192484375000000	-235.242627938392	6.20970092424110	0.435990845160682	172.559255532339	952.773001525975	-0.456985069735544	273.460992643540	0.0948000921705678	267.308849028880	-0.178711431611202	92.6713560414881	2106.02690189034	0.0850369647083273	2.99273486395938	1.46554046418862	-0.161001735320940	0.382449223528267	-0.0811235065346763	0.337536023294427	0.361110952347994	-0.0694364554551485	0.385599315357444	-0.172011152472724
1	0	94.6426666666667	64164.2393702780	224	4.97262428259790	1.20829535598444	0.0113528888888889	6.75075436504823	0.0169550535077289	-145.566474645247	6.41118339419460	0.347179160703219	192.780824280061	3868.36964334339	-0.0853834218916877	577.812311048792	1.33084016942003	1343.18748118453	-0.413892256414311	428.501750267629	6408.35104499851	0.0712598845495480	3.64765123787496	6.89581778203632	-0.0675720917567647	0.410817168339917	-0.0826003863690115	0.207846001197781	0.217001894674755	-0.0764831257364833	0.405718488505244	-0.0887442984794333
1	0	99.6878306878307	59700.7532173581	234	5.09142398511767	1.22715264825660	0.0120937263794407	6.70708446208174	0.0241384645574206	-275.580189186559	6.07638386377546	0.417029305701186	204.467994876996	3359.48414058976	0.344021257204466	1323.70205462456	-1.14473216277553	892.780863706464	-0.228077372966535	548.956395991903	6254.39121468738	0.0447666891303626	3.68640491484653	6.45826707489630	0.0844979034206993	0.229558643259678	-0.109728850998412	0.269508144405700	0.248442068269365	-0.116444153672596	0.240949302357656	0.0875298693448805
1	0	97.5394088669951	61064.4068660810	234	4.65146325424645	1.21129627240780	0.0123577373874639	6.68045649916145	0.0259366910840025	-242.189911965203	6.09893442469759	0.426119435635165	193.460050964569	3430.99521904587	-0.472089932434481	695.074229968220	-0.129141300797006	862.949069320453	-0.0101341605277633	273.563984866596	5999.52933017343	0.103996485932369	3.59514539456971	-3.43094325751287	-0.0818176632489518	0.369360628350283	-0.0896368195623170	0.332521617497066	0.323964139053915	-0.0948532597781884	0.385091714199898	-0.110486177584733
1	0	106.516632016632	63263.0525050848	211	4.31403857429477	1.11988472646392	0.0110800869636629	6.82099773610475	0.0180499625611805	-117.097336360013	6.45972536950330	0.413008331152198	212.027807256812	4184.22238542780	-0.165630107861570	730.098024836218	-0.742507961454070	851.644550455739	-0.00787643029000529	325.619184674759	9091.72561537048	0.144491873878131	3.50849592017846	-1.81720777782658	-0.0925801044129426	0.348057718136838	-0.0717370189502504	0.319101604957254	0.322388638329449	-0.0628502445047996	0.344091120269217	-0.0901313465435152
1	0	123.875675675676	56463.5896994845	198	3.34416143887891	0.879353774625586	0.0102378053729405	6.90083692147572	0.0126234567901235	-100.903585172775	6.83783768778569	0.333033220541854	248.611751357520	4233.17708283801	-0.0397848178819788	951.246155955180	0.192856879402204	1113.56049420590	-0.255462829475436	459.589326383730	6726.11938636189	0.113494931364419	3.64026079540812	5.64580136021505	-0.0124250168319809	0.352274935409065	-0.108238943367425	0.261521079540184	0.251717481380227	-0.119929542936441	0.343163370457172	-0.0152294121898411
1	0	133.932659932660	39575.8608319780	207	2.91932572990434	0.650899256706759	0.00948032513689079	6.95397104659465	0.0120773598695677	-179.509944112222	6.80527432313299	0.354659269962974	266.836648455192	3720.83146142624	-1.54411485228159	1206.76194969436	-0.376881578723134	943.279330443807	0.148444013116059	477.242358872594	5381.73802529293	0.0977741346971868	3.70123679220777	7.47688124645788	-0.0909606181039470	0.297708130465206	-0.0996735953084758	0.352519202045862	0.364359980071417	-0.0984399821728266	0.299221109935515	-0.0793568303755130
1	0	143.292279411765	40091.6246257016	190	2.66600526030717	0.563550341935148	0.00870965343858132	7.05953272224792	0.00911139996183329	-102.199067685052	7.17004842798385	0.306082179743904	288.842189804155	3929.77562445761	-0.227597004505686	1340.41630981891	0.481296885663870	1198.64171184942	0.107671582042719	455.738585115230	6234.72327299176	0.118227420537033	3.76420418950561	6.27969586673339	-0.142895376128697	0.351540025682666	-0.108479231475077	0.369449847276927	0.369715269319186	-0.107129027134349	0.352266940229637	-0.128447184501621
1	0	114.764423076923	78743.5617663558	216	3.71499916840515	1.07111703979885	0.0111235669378698	6.82131548126645	0.0160007812500000	-116.765260626818	6.61691800820211	0.346010865688804	225.099218872108	4341.46294041974	0.142372672473283	789.951418365669	-0.660496643776326	921.989586450298	0.0104209393714632	424.600963213255	8018.31136877182	0.180205262879561	3.67505526874411	-7.32782369696565	-0.0508698551821648	0.327633814522969	-0.0410276028544006	0.294538128511567	0.287231457580961	-0.0366929919633232	0.326289211141736	-0.0429371548995867
1	0	114.365196078431	92051.8007343109	220	3.10672559001562	0.776996294358654	0.00890282583621684	7.06729052174391	0.0105665238240996	-70.2671503224376	7.03169548704379	0.333178290717104	226.659972227640	5901.18903710119	-0.724991286849011	1518.93106104661	-0.851672752605134	1483.41405665604	0.211234068812217	585.472937031438	11776.4293898372	0.0996632003543334	3.84071763049332	-3.50140789068047	-0.0913466767930334	0.301242738473657	-0.0543414585045072	0.367558249743146	0.358899029254232	-0.0559700062212514	0.295719602475689	-0.0910490304390308
1	0	97.1036324786325	77616.1381254521	216	5.73041513937781	1.46440778369257	0.0122315362699978	6.68821705446939	0.0222702572153121	-112.707621483520	6.22190097019320	0.428941920516355	189.260897676455	3024.07199136040	-1.19265524566153	1030.57151213224	-0.0591972798328067	758.333647329798	-0.202002840589781	312.726530241189	5839.05465916882	0.126239051790358	3.48558425536197	1.09034628323019	-0.141726741243837	0.311955538025904	-0.0604438058894474	0.387487668523446	0.390378838098548	-0.0634274062096876	0.316147969901115	-0.150361662167599
1	0	65.8854166666667	3804.83800681784	128	3.21971404470300	0.424845352327370	0.0152387152777778	6.24101779632187	0.0144330363778240	-209.526896379913	6.54998506276616	0.359622400619708	130.126822214657	1079.52515171199	0.990213584475339	200.779796205265	0.477962090882004	367.586813866685	0.0537681414145256	85.2432569959863	1719.03382707259	0.139024880631677	3.03478883363900	0.436104436305527	-0.153976844778616	0.462294719796232	-0.155538921187001	0.345181823513067	0.331107400813684	-0.153005734904133	0.457681235916516	-0.141382858797574
1	0	106.936259143156	78693.4682896859	216	3.88327166594574	1.06726653675728	0.0101293990603255	6.91742192051650	0.0143620809205225	-104.667100553822	6.66262300036024	0.345525319744240	213.844964686545	4544.12705261019	-0.382899563417540	1145.65027170707	0.952528476733358	957.007904085985	-0.0899555182790890	421.896309169298	7812.41490532802	0.102131085692361	3.72566111548486	0.121556910988488	-0.117309085366548	0.329806067472106	-0.105071892918042	0.386419916447803	0.372725484849588	-0.104326875688286	0.339446459661887	-0.101752592766573
1	0	95.4981238273921	88093.1322912757	215	5.97612350674312	1.56262082968688	0.0122514423296925	6.69375341833255	0.0227117233727812	-96.8709659091902	6.22038424722088	0.431550868030639	186.526810219133	3801.15097330704	-1.25745311417428	960.296760171148	0.399962963540975	719.048105412131	-0.0700175919398555	270.785056291975	7032.76422286007	0.154136536952035	3.41348754570658	-2.50433690549284	-0.140183439373760	0.325819526636253	-0.0605232649197984	0.396174147058969	0.375834561544524	-0.0759263163573533	0.333481822176341	-0.128650312541849
1	0	92.7670454545455	54821.8126874619	220	5.40401342334224	1.15531289873123	0.0127697428833792	6.57918540238624	0.0186346529352482	-138.130232156640	6.25925854359796	0.327385409923081	188.660579209559	2992.07847875269	0.580987176887526	977.709856827574	1.51833500531482	1198.70245542900	-0.0542836247741543	536.255800284051	6038.64534889706	-0.0231481413523229	3.77868894809890	12.7385994928153	-0.178303632223586	0.377896307269529	0.0216399694523699	0.208546998912894	0.229796764729699	0.0197887321445867	0.378851563379209	-0.191266485618762
1	0	114.245577523413	76725.1561202956	246	3.36818285706075	0.789751901847892	0.00886065395372710	7.11158970683196	0.0139345589085444	-190.425536418066	6.73463702561365	0.340473509652246	226.821700092314	4922.49550683912	-0.373092111791425	1287.59180836725	0.673396707163973	1550.93702323516	0.314102553325008	640.644544113574	7174.86455567410	0.0827495708446222	3.89260140269051	-2.20934625290624	-0.0414334177768017	0.299391470606016	-0.0630824383882904	0.305553599218198	0.324716536371207	-0.0668300760267626	0.296749406000351	-0.0335452771223430
1	0	109.306372549020	25428.5756989028	185	3.13445346180441	0.661158530536556	0.0126633986928105	6.55232550234500	0.0144110785590278	-138.775502296309	6.56262881323460	0.324900478995043	220.379544223870	3053.45808199427	1.01055342905202	711.780187137824	-0.426776444671525	953.639635147018	-0.189275190140245	247.645972919480	5194.38632026235	0.0380740040308758	3.58922073626836	1.20754782822007	-0.0979815730936627	0.402000451623036	-0.112965442957828	0.296000047935962	0.327676239318203	-0.112624882430825	0.399250728479768	-0.110386370401702
1	0	142.311942959002	42527.1969157007	227	2.04502014378033	0.224851151037299	0.00892536564131405	7.12813888012125	0.00755423553719008	-81.6979054962652	7.31940138279124	0.305071698056157	282.143164364965	8524.08644554629	1.68834463339670	1928.33428506926	0.803847713224898	2002.67485670711	-0.137163484186109	542.159605640868	14610.4595142127	0.154055937176923	3.84009754262851	2.02964105749805	-0.174122109458312	0.415717224337722	-0.176429970263704	0.436687406531624	0.421219158618857	-0.190452819706176	0.420322730617305	-0.167179290557852
1	0	117.030092592593	100088.346521194	212	3.73029956243834	0.976064959363446	0.0106095679012346	6.82354582957864	0.0126273548635141	-72.0513157557210	6.78416394335368	0.359525293897673	239.028647618863	6432.03636717586	-0.411280585231011	1431.14045348639	0.212357986576007	1103.90720368846	0.0516259082403879	537.409712813843	16601.1267998997	0.0728046591485401	3.82315438228019	1.48754965107304	-0.101174462333688	0.294893481775773	-0.102196901771255	0.388701138348283	0.399574793427169	-0.136588071943137	0.326424459205730	-0.0827137600419778
1	0	158.334448160535	35778.1403112182	174	2.10687219999397	0.359815809483923	0.0109003254997148	6.84621441753706	0.00696257088846883	-55.4294614909506	7.43735054881429	0.260980708679431	313.232452328834	5359.27182234251	-0.345803985736617	1249.90027650478	-1.91251739341815	1247.25808074254	-0.130386481766138	629.375834332347	10474.5634620141	0.0681137909646781	3.99178229527003	-17.5046472896706	0.0900439973586327	0.294841909536754	-0.0688258271000040	0.230860266454268	0.241897641504629	-0.0538981444539783	0.298201532582136	0.0778147205198394
1	0	131.325791855204	61013.8148647643	186	2.92200843561015	0.804538719433496	0.0118650314285129	6.67522736182180	0.0136553633217993	-63.0203388291929	6.78160867342955	0.364860676862094	260.491661528888	5244.78084518603	1.39584166319153	935.186609878010	0.307544249143064	887.831179831463	0.113023731105463	249.397419595286	10739.5911272578	0.116911066625536	3.64586569994599	1.62088995004979	-0.259803922751438	0.438303124373035	-0.146127177700284	0.448376075240825	0.453947090384125	-0.106514859170518	0.416668953559750	-0.258368436575516
1	0	136.816888045541	40677.8193198457	221	2.41753217122956	0.331650961462656	0.00737409489106287	7.26298598896702	0.00870735545789942	-112.107949685867	7.20584719720683	0.348019611011281	276.809264188657	6416.92733420588	0.919805604627869	1728.66488907506	-0.398986885361111	1774.77198003446	-0.0852275929278747	439.760685895122	9758.46287347922	0.109547806601512	3.91002277456642	0.925649904215106	-0.163700027880551	0.421531865844140	-0.174959397433403	0.424171767401743	0.411251834028303	-0.186980998524590	0.420633479626223	-0.159017197227495
1	0	108.225806451613	10024.1963379359	174	2.61099201400567	0.284143568135774	0.00933554895378749	6.90179476781057	0.0107292905271502	-146.893968825144	6.88086604156812	0.352364321111919	217.222809275076	2705.72755599996	-0.702381690404324	666.604489972941	-0.216820665721494	588.191130792010	0.311342942564251	281.414320551671	4680.79301383571	0.137308593531403	3.54686051730023	-0.867394752726568	0.0447028223686725	0.284951236016768	-0.141894908240572	0.320846488031210	0.312781155091778	-0.134595917656986	0.281456576327372	0.0403313123618645
1	0	144.056818181818	14435.1550672661	211	2.41919420631900	0.169613239905988	0.00885273186409550	7.02436812813490	0.00865693499622070	-151.471887800438	7.14480521047824	0.270774791987930	290.699563563741	4531.79408795607	0.448698246164252	1278.14749830450	1.96497919131461	1596.57127159041	-0.0938220894614768	604.451119905060	6382.23376202980	0.0454958490924262	3.97658181492686	2.28528945227049	-0.133888848544235	0.364468059703450	-0.0524517973021954	0.303367685112019	0.299700446449046	-0.0537774014515637	0.377068708067763	-0.119477562916835
1	0	137.708333333333	52935.2178950965	218	2.42554633341773	0.399408269398689	0.00807315580042853	7.17336373453855	0.00846601450497555	-92.2030862709589	7.23914387911938	0.318309854325369	273.080212473104	5622.57726804347	-0.286485616102609	2139.47024983147	0.893421782885032	1723.70374621738	-0.207375787789127	620.419579962446	7328.04972226823	0.0591545499499457	3.90179197147536	16.8138101002054	-0.204457113987027	0.364840432803360	-0.138021192228377	0.421033862544703	0.413101989499323	-0.135520804916628	0.353409712392097	-0.196520178812447
1	0	117.081439393939	85792.0549391748	215	3.11411667970723	0.826205104413311	0.00983557162534435	6.95811064546161	0.0120920495555313	-77.4413385863196	6.93392675982207	0.328098012932579	229.932547767827	5563.80259624386	0.224153384161912	993.973716041656	-0.0869502650077018	1087.83607710352	-0.293105078922120	908.696955702843	8387.41300544298	0.0944524072209072	3.99395446736585	-11.7679174234897	0.209736517902599	0.190698160227927	-0.0455668238435643	0.192451172485165	0.181507764693701	-0.0586660295863009	0.182270960746504	0.244886399219237
1	0	99.0190476190476	33936.5198777670	180	5.37417914727576	1.37674483311059	0.0164172335600907	6.22052213139920	0.0254468750000000	-121.058414956391	5.87554185753454	0.460797868147652	197.836435728525	2448.95918439377	-0.247970081338824	369.328022833184	-0.585356920921759	501.247157768992	0.0289532452225021	203.067376327539	5480.60700700249	0.0931941665523119	3.37248718995818	-4.56800775093097	-0.127055707651287	0.367788209042599	0.0527996514347748	0.295683661592601	0.229216191851252	-0.0205248166160021	0.328556222947230	-0.0825490042991071
1	0	110.332727272727	73980.4985203544	212	3.75333549007455	1.09428176913817	0.0126347107438017	6.62171992235563	0.0194521541950114	-100.796601540703	6.54748600987220	0.380713650110329	219.976966450973	4331.58898217884	0.0206981007265882	899.097106521534	0.0695049961863423	961.105108623364	-0.364301948115434	709.386671744602	5393.06617413562	0.0383408425123479	3.86234955917365	-14.3468601665508	0.100001504913659	0.281616870079479	-0.0186918549589978	0.199124448713740	0.184575183265173	-0.0201162449571617	0.286843596125654	0.118871993916578
1	0	106.007396449704	17741.4681501213	168	4.74503345235137	1.09294634428472	0.0160314764889185	6.20743697562004	0.0222142011834320	-240.774011414797	6.06230621235535	0.414733715031910	211.549530959291	1474.26104051440	-0.0254179474509545	548.819138659920	-0.496442835603703	628.489247386441	0.0213814612009388	166.977928813544	2258.52939656665	0.0863264240421258	3.28073301648493	15.4443139641816	-0.125179069952227	0.356600585092022	-0.143187552563912	0.346893882071995	0.318074971898863	-0.150753997764941	0.351230558446976	-0.100221671882139
1	0	133.825721153846	43313.9900011766	222	2.39346219501950	0.366193463618478	0.00799163276627219	7.18696819336632	0.00952148587824566	-115.421806902997	7.12194088512514	0.368441369834976	271.123578271162	7186.25112734881	-1.21587330819391	1196.52579686833	-0.118192839232751	1582.00442561212	-0.133433442728528	370.749592482401	12099.3730288765	0.130095115531787	3.84965936192182	-2.75147463801545	-0.162844535694906	0.456090416110281	-0.173192049393607	0.404874069412919	0.395851046942362	-0.165079607650591	0.413733373458792	-0.149667267496904
1	0	99.6857142857143	20975.7491778425	186	2.86924611748606	0.473525698093260	0.0121287981859410	6.66242759685062	0.0138680000000000	-149.412640258682	6.61838269547965	0.420940597316336	192.849687792082	3088.12624416688	-0.930467070224761	833.405073963751	0.375177207800868	422.866932301022	0.186679635228099	148.450279353609	4517.82557250043	0.130016125739538	3.55894765616463	0.250623316522365	-0.208957298134864	0.408471717546201	-0.168305229325316	0.465042705475855	0.473604384476622	-0.166663156171442	0.413608887983763	-0.218874780863853
1	0	109.268181818182	46954.5326049962	202	4.81487481847169	1.07580423261354	0.0124483471074380	6.60669936322007	0.0165079365079365	-130.301019180847	6.39195949873891	0.350602658951179	216.867115832235	2751.53395518259	0.562740323677894	802.209648998103	0.209784244942288	628.946684853291	0.0797877125754478	490.558296861993	5688.40279806260	0.0558229208851522	3.74532620046578	-12.8428834047202	0.0938064663898097	0.197827248146310	0.0279979538296606	0.236906609907673	0.237830677241269	0.0341865238864143	0.204984195912119	0.0825768854660112
1	0	120.495215311005	53778.3199329327	218	3.93980531741134	0.845136919156391	0.0118701494929145	6.72775525667999	0.0164854492120025	-183.793919908181	6.47856642718294	0.380078194425965	241.717758232831	4314.69455299737	0.447204012983955	1204.23918547396	1.90055987403963	653.180294510733	0.0115061502491239	667.651837490533	9813.77507019990	0.0456446296470212	3.82661449073214	-12.0990846361246	0.0779297289582313	0.0815662519305077	0.0727813395523398	0.312282073599996	0.312369817130808	0.0725457039696598	0.0785990672496686	0.0919216087928838
1	0	114.608974358974	27884.8182933588	232	2.83233299759398	0.280496112966205	0.00772004437869822	7.19340821361796	0.00974861111111110	-134.965081020813	7.03560983190522	0.317221994277743	225.590286232792	4299.39790075569	0.234808076833641	1936.02745777909	1.17586560521260	1506.42144183019	-0.0656081434189207	530.829051626794	5601.96827129494	0.0636470627527321	3.99088655892407	18.1989978842823	-0.0980665272219086	0.321835221528005	-0.192142175602277	0.410300692627981	0.391139922661845	-0.208412505823471	0.321612242506904	-0.102836500616334
1	0	138.725217391304	51686.4243316566	203	2.48560792011262	0.450008193974030	0.00965746691871456	6.94174319295328	0.00787977840789749	-78.4393686917183	7.25222110671578	0.275458800220467	276.428361310476	6255.19260253322	-0.523836373334154	1345.81481667349	-0.0822487740800939	1136.88650963272	-0.308985682866340	717.544396692679	11860.9345101499	0.103423868183510	4.03505586999079	-21.9944174628610	0.131029545764715	0.216340267575511	-0.00587368280537692	0.239623401451163	0.234703669848915	1.14815911227417e-05	0.217879544179432	0.124973782264979
1	0	105.926948051948	39229.2787441485	240	4.08710911870303	0.782718355922512	0.0116377129364142	6.68383622024666	0.0201949347572243	-321.179311830897	6.14848381674580	0.435448058696277	210.405914849187	3630.09829227211	2.20746202907710	717.020149459131	-0.444882650234462	774.510541022417	0.0319814900482729	214.918043442298	7499.22675134676	0.143372826779398	3.56562746707593	3.35001587046884	-0.202209649697019	0.454437206414648	-0.224625703537566	0.449351629993568	0.454984420589038	-0.199148171731480	0.395804118741983	-0.160114239598983
1	0	95.5528846153846	37383.3385909319	248	3.70546359289949	0.620736955518846	0.0105296679815911	6.81412481897671	0.0158946767933244	-262.670731519866	6.34911256377053	0.375366508356383	191.941723826339	4056.67210045001	0.646228761034070	827.415303911916	0.402513561670182	950.122276974279	0.470262375888266	569.844869487254	7570.66154630198	0.0556075646154730	3.79726667217525	-14.0819893155056	0.0323400929959200	0.235268939365343	0.0906573484289048	0.212160005006322	0.207023198377307	0.105817755753478	0.222492327487337	0.0415508475418900
1	0	78.7976470588235	26343.4577262024	209	3.28072442264775	0.570685909222529	0.0110892733564014	6.76170353072909	0.0129397347174164	-185.672839281743	6.66570758399334	0.341306172509087	159.369161227080	3205.41677351934	-0.365532298568514	658.515137929610	-0.278929677209568	1053.52495499645	0.131066425574115	245.081745818734	3674.92037609839	0.105585906097444	3.56946125748008	-1.14846624894784	-0.106653376013510	0.436771149165372	-0.112315006963341	0.298586268319577	0.285262511160527	-0.113603888516176	0.421265748136182	-0.0957916458665480
1	0	97.1074561403509	61569.8497085854	220	4.84766872002761	1.05441224405842	0.0115227762388427	6.67913642793024	0.0156491126543210	-118.638596695454	6.38876163232708	0.372489879785129	194.283286243625	4021.96180075795	-0.685924187898711	849.030870987446	0.946868178107231	1293.56809251673	-0.0433534187731390	250.482987721462	8026.71710107889	0.0408187246761940	3.65374504580298	-5.41227089800407	-0.165900848159361	0.480451459728988	-0.120510034408806	0.341574612548124	0.367912092568718	-0.101342195736626	0.424087836842980	-0.168140050147519
1	0	97.0260869565217	183358.548126243	234	4.08355132660059	1.23059130325818	0.0109640831758034	6.78215998869397	0.0155242768595041	-59.0248753866849	6.57069160205190	0.391903031759343	200.033364725008	9242.09685628047	-1.07277684787823	1160.28510413878	-0.357237285749148	1283.72151685487	0.284626351427775	467.283759748663	22959.2918807845	0.142864003838807	3.89586196737456	-3.93030650784542	-0.106177529715004	0.349688111462852	-0.0508090437601121	0.345489898661005	0.329396548597616	-0.0515137058584775	0.334215856070890	-0.109888599166801
1	0	111.382647385984	106984.886432858	223	3.35163376315253	0.878576874763502	0.00870451781178197	7.08826130930416	0.0106308001868802	-72.4692851103122	6.99190802513685	0.346713560375235	226.136675780348	7385.91730194185	0.799090000969771	1046.58727974746	1.30115481705050	1009.88230890228	-0.183618062095431	551.792893212718	16146.9311128777	0.186164509528385	3.78956711051874	-3.92536029004390	-0.0870881455296492	0.279393123788535	-0.0131699867548388	0.350845951552954	0.344894910043085	-0.0100906329379076	0.262796472158959	-0.0904217095415856
1	0	95.8302469135803	66493.7538198620	220	4.23340359624356	1.06032402581988	0.0110072778539857	6.78835364900416	0.0149478400896170	-104.903264638723	6.54195563789800	0.356225868623535	192.136083049040	3800.29123394967	0.511790797415458	637.896371781632	1.79286224306236	1774.78818934767	0.135867131809728	344.757426433139	6698.22373687712	0.0808036413103406	3.70755959626785	-1.23327172714426	-0.0750170742275526	0.443452046936889	-0.0977426266113581	0.225676033839798	0.210608361070510	-0.0956351192947120	0.461313592356378	-0.0615351801617194
1	0	107.790000000000	42034.3859780000	240	4.01107942911836	0.816891874281674	0.0109259259259259	6.79660564361415	0.0204967631126966	-331.583714667435	6.16401351536287	0.427920733614287	218.560954591554	4050.45205270461	0.567980897732537	636.540877947293	1.60843029037612	768.342116401963	-0.0769727199647455	226.557551065160	8391.89997619859	0.153128080057291	3.53475807230917	0.481868414541339	-0.146176410591751	0.400819832794299	-0.166200717710969	0.424040320826070	0.413408659257919	-0.177449787549058	0.394675391342465	-0.147347295947027
1	0	120.944230769231	25234.2287026485	192	2.97015860565988	0.562985125227260	0.0105029585798817	6.77853414485079	0.0135103017587569	-111.216186759808	6.58230533033028	0.382413835861393	242.622529091333	4103.38454606524	-1.45315669218476	372.989844229924	-0.435738043702405	482.743205576808	-0.00970206244240180	250.512794784807	7163.27875948382	0.295946799747903	3.49387144430690	-2.65828200864667	-0.155832399079210	0.327529602254727	0.0408297046885435	0.297107530653560	0.303022796827218	0.0525024535895238	0.320530696266154	-0.162871815025998
1	0	77.3842364532020	26135.2614086526	186	3.11846144833069	0.616093998053223	0.0102283481763692	6.82357250718422	0.0129047792586422	-106.799316630462	6.67965087030678	0.358345736290119	157.221944353515	3438.11430745271	-0.656517528370384	673.298022624313	-0.00416115550670012	487.929158048839	-0.167076388307645	398.918441209185	6130.59283322621	0.129111205129665	3.60319861368449	-13.4625480193407	0.0435164029458601	0.199813654869568	0.0571338432948323	0.299186903853444	0.300578190267672	0.0406640209509337	0.186132446381226	0.0500940420257248
1	0	115.538194444444	21608.8696137521	189	5.74127174457602	1.20208801460919	0.0163604359567901	6.24142609499239	0.0273035470489393	-297.076490884635	5.82096852781227	0.413050816932206	229.695816856741	1471.14531863056	0.316066161946172	447.925302997247	-0.272804132494052	462.711652099335	-0.112040337711074	158.833151967780	3005.57656058882	0.0545107174086394	3.36796660746885	-1.20357665775191	-0.0734844491742892	0.360388252963074	-0.121785379631559	0.344080273556944	0.340217202256714	-0.108747445736485	0.342595587441155	-0.0731639171906302
1	0	133.446859903382	38177.4134434899	192	3.78291794904087	0.791522545968665	0.0114705127307522	6.67900620035237	0.0133764169517468	-144.637937901389	6.65574640846214	0.350594568051848	263.531864492620	3215.46845900140	0.558500384077859	874.316373400018	0.657693609502754	665.902059131119	0.0122747468851103	494.411171219488	4335.93499133687	0.0218798021254958	3.76715616995575	-9.95741384505732	0.0783283951949434	0.168160002330730	-0.0142986743127560	0.331312744132165	0.285034728930855	-0.0210730567667161	0.152087170347865	0.0963029451397297
1	0	119.731428571429	43367.9278351486	184	5.12944996753197	1.28585869044127	0.0132857142857143	6.51251498266807	0.0195412894375858	-115.857031368549	6.24616838946573	0.429205768928477	231.251039360258	2582.11818897727	-0.262720584963172	401.498731191778	-0.112157364961459	409.114721085393	0.0949910794738747	226.776801781398	5324.33919773202	0.134914345333731	3.43170140294598	-6.56524678443702	-0.0191233632912834	0.334951364065276	-0.117652182281966	0.327850435174485	0.328742901329143	-0.113811410102739	0.324760815443904	-0.0110092573291425
1	0	114.501322751323	33633.7079239149	201	3.74313437075087	0.866179090278045	0.0114708434814255	6.70283474492652	0.0173057780637926	-176.096877970695	6.41498342210914	0.367845565873091	232.769161605754	3230.62911249011	-0.571754543650345	682.166971083649	0.390613612979580	840.811989377245	0.202959218436800	204.113170446452	4949.26639715423	0.103935711055795	3.56438567147717	5.12844354457116	-0.0910096478911657	0.444400477369404	-0.193534986397078	0.334744827709764	0.340615471730901	-0.210420370386210	0.432159426942108	-0.101410044340671
1	0	118.566666666667	66853.7411054132	207	3.32695004126060	0.824774661193561	0.00965483234714004	6.95892721438521	0.0115062724707836	-87.2740547351787	6.91049455457072	0.340163997543329	236.408400938534	4882.81237169012	-0.404505601911650	1054.82470405273	-1.35119879441656	1249.83778557116	-0.288871441835741	494.298179260042	6815.85687842450	0.111788450419315	3.80158202075461	-4.75127244506439	-0.109714326986578	0.321362201473076	-0.0512523819638493	0.355090877623159	0.368823123731657	-0.0696784347014017	0.319487128550851	-0.0924192781809570
1	0	99.8714555765595	52660.8788963060	196	8.39003625581461	1.87783972757450	0.0154552049199367	6.28730531544358	0.0272988954678249	-134.822343699611	5.75799453625517	0.409782678397067	202.108023071970	2761.06382707125	0.263566511277828	427.551744723588	-0.0925322372764541	868.950908281185	-0.142851016935987	147.241401922412	5641.01474882499	0.0915735173116026	3.38590765910323	5.46801299063020	-0.163321933742111	0.461145348227382	-0.214766176829998	0.388508140175637	0.377247045983744	-0.221745196334261	0.472130621840558	-0.154011942756640
1	0	94.2412698412698	3866.48003173804	97	3.53953541737075	0.753730815877769	0.0208314436885865	5.83004587498080	0.0148722222222222	-162.159719206214	6.44041981150511	0.350242404962926	189.247013781909	678.084355345324	-2.81972331903388e-10	243.133004613785	-0.107687423727462	182.792596693961	1.60425582283484e-13	65.1489389429377	1269.46426770577	0.0519592931799784	2.99878905554571	2.12525940366140	-0.101857887778097	0.302621363553758	-0.122438323538089	0.389276022151658	0.395837259717586	-0.0764432588036592	0.267178050467720	-0.0793335818060825
1	0	101.610526315789	33775.7782405598	192	4.29926806227494	1.07431584475625	0.0132656201908280	6.52703854893667	0.0204445966910517	-160.760099828323	6.16874820533669	0.434198449691861	198.308080185829	2408.89202340757	0.460941981987388	527.011178732088	-0.127775615141818	403.676846372263	-0.0118428553769056	234.923223399506	4300.91252544504	0.122531188388358	3.33441828056465	-2.13573492894102	-0.0739424504994545	0.290992284682969	-0.0924086908192041	0.397882288854101	0.382564937122860	-0.0973472339077564	0.280083216376816	-0.0660738220215542
1	0	108.982795698925	47670.3106384454	207	4.20734810881593	1.02102887514986	0.0116314024742745	6.66221427739950	0.0163228142453652	-153.149474831387	6.35555255267524	0.335662337290444	218.571591137894	3217.43889905890	0.855420871640961	881.445462622859	-3.25663968578079e-10	853.567779244909	-1.27476386934256e-12	186.418162031468	6496.56371961153	0.0492899633803261	3.38643269274105	5.19981587720781	-0.0677328020865503	0.368235016458792	-0.231834836576626	0.420232889931368	0.397578878517337	-0.232441081109765	0.359346251756692	-0.0592554246639701
1	0	143.799603174603	31716.2467659674	210	2.49247691746109	0.324439720876460	0.00905454774502394	6.99035015387233	0.00981811715693745	-129.978987613551	6.99885325713377	0.344626092105592	291.771546581500	6100.40399382051	1.14993838219352	1431.99112608389	0.302960364417623	1008.92262145943	-0.273557194171677	601.785713359799	11811.8211252747	0.100485871338944	3.80401864538450	-4.64445524264784	-0.0777875739619192	0.210960584000792	0.0250853743257269	0.334399547862474	0.358142684793187	0.0600061905996450	0.185942301300881	-0.0649864412704577
1	0	70.9333333333333	6918.10486195287	121	3.33106453075974	0.734993568800052	0.0152494643403734	6.25368465551712	0.0149893705185025	-175.558924123853	6.59237505295571	0.370453375687486	140.910372207222	1039.13067084336	-0.387556570360643	219.828174281592	0.397827995703356	218.431505158646	-0.219490370764242	187.036033633438	1848.01452196115	0.118500794244746	3.08135984906060	-1.73197149941984	0.133159885722252	0.200603128472818	-0.0417134922309468	0.224692978561449	0.213626522836607	-0.0434596453224780	0.191994518016621	0.144898069030745
1	0	147.021885521886	6188.02058859450	218	2.10732465171639	0.0551171927728506	0.00806607035563265	7.14010305180952	0.00789922490097316	-133.850364681043	7.21474959678753	0.261916474784212	293.083714810620	5754.13110832983	-0.894310992412952	1283.13982878000	-0.296949405243380	1973.57865420335	0.0729709108592571	503.833082046130	9326.53959449169	0.101920685991752	3.93307637236326	4.69261306590556	-0.142386385196833	0.437140555220803	-0.141063612769524	0.310980988745117	0.324644409250174	-0.144544093980031	0.472833034259338	-0.151433128087113
1	0	115.930830039526	37327.7191001797	207	4.20728260664154	0.905406440705299	0.0125841678513959	6.58129178866339	0.0180462859371852	-202.949215592802	6.26612107185810	0.396304846559591	229.314781520195	2602.89252180389	1.02012192085701	727.260760513648	-1.46574390826126	546.639324865230	0.227885848188231	378.836473468258	5784.59176705325	0.0966225366104363	3.62804217454198	-2.56188646168732	0.0244270299193252	0.134388867684506	0.0497860016792041	0.278454781480408	0.282747336377030	0.0709327849484815	0.132674178160009	0.0478397394655801
1	0	141.358630952381	51782.7637345182	208	2.23161453804670	0.404889075952932	0.00817566609977324	7.13921380351086	0.00740764555707972	-79.7545633647367	7.35197664817524	0.253771502735229	289.080391208439	6433.62408997443	1.26898311204628	1765.01661280614	0.657171687264230	1661.95035359332	-0.319791423887848	993.624207825654	14300.4080770039	0.0466291195434874	4.05505556185889	-2.27977030933863	0.0704965082994048	0.171074700619615	-0.0286022868848581	0.288677972610342	0.261411391139448	-0.0298326819499979	0.177730888468703	0.104441090130921
1	0	127.794217687075	53839.8538840364	199	3.29481307260527	0.836086067158602	0.0111180526632422	6.79378946257493	0.0128220663265306	-109.204044645134	6.84300939158675	0.318256952505371	254.038247944022	3289.27786186633	-1.11149883748152	1355.39199817099	0.468187534892099	1072.05598081447	0.526637671567725	584.056576300164	3925.04903428147	0.000457241457294755	3.88258868034848	-2.57803438346855	0.0896667231351650	0.272594472874290	-0.0621936809751351	0.228697404911588	0.229062604908171	-0.0605259373865339	0.270688554902344	0.0509912280549170
1	0	126.977931034483	40752.7373026411	184	3.19720929521471	0.820935476852402	0.0114168846611177	6.73932677594229	0.0135642857142857	-114.479108525542	6.82469710803537	0.339368120218146	252.311641565733	3469.28490145072	-0.164713299525645	919.398302884884	0.626395711995785	767.244524878643	0.210613772297101	458.538281918966	5284.46458915592	0.0754521626231706	3.69760614441319	-9.67999997056154	0.0615442314614927	0.230019620443219	-0.0315930332733614	0.255395729469341	0.275385309931847	0.000262563296396845	0.221015083282316	0.0636456200063087
1	0	119.132505175983	63991.8450912062	199	3.86973110050627	1.02759536058224	0.0121866011685077	6.66671396200755	0.0146408317580340	-93.3809107463723	6.61865563878701	0.348173963695032	243.431572912698	4803.77510028912	-0.871423726486802	930.774167397361	0.760517275457599	994.320673824936	-0.0673596336471023	610.565737305363	7026.33108056339	0.0620735319148797	3.78636988157973	-20.3243083402547	0.0202165247591113	0.242485926377566	0.0304094978334861	0.296755403837738	0.277873728573170	0.0524727256117523	0.197745948714034	0.0570194177626302
1	0	128.761904761905	39852.6545729403	197	2.80478472878463	0.652016606357834	0.0112247468904417	6.70378476779452	0.0109863945578232	-116.521075881238	6.88969804677035	0.275717403729818	259.339806037008	3442.89411883522	-1.58414018196016	1036.27745393191	0.245821418024356	1208.92513856214	0.116425822774746	658.616011695323	3890.98203593530	-0.0132684870557946	3.97232412137432	-4.80497480091185	0.120297150036414	0.259932664115601	-0.0503751821539349	0.221996399295562	0.223823030131350	-0.0681741835382326	0.257233130738268	0.0742813512230498
1	0	123.460869565217	34821.5155512452	202	3.57535042794475	0.729334789372338	0.0122344045368620	6.68759943989435	0.0145322314049587	-168.654089953688	6.64799296903609	0.328752178434972	247.585919380837	2847.81343558840	0.957608412731824	852.047147817199	-0.649669047272785	1106.02482562706	0.197646554303380	579.179563022869	4084.35348994202	-0.00491925810860017	3.77267723513054	-9.12163263760954	0.0863631987840343	0.226012749964482	0.0787819788575537	0.125482024604498	0.148809652031796	0.0949112820491531	0.234204065448651	0.0739971399600208
1	0	82.5938775510204	15052.7831665548	158	3.05669810012711	0.627927466902110	0.0113827571845065	6.67867092537926	0.0128982951205174	-159.729242898051	6.76710501492764	0.343797416952458	164.035486546129	1791.22880965531	0.479688309051447	567.566301934513	-0.701188339535484	569.505480215759	0.211624352343644	257.797393702400	3921.45530286596	0.0873465837851744	3.40697182979837	3.12465844687347	-0.0856366849009006	0.303724060915442	-0.0503170156273086	0.319725869340368	0.313465926190140	-0.0511502397834178	0.299079220261431	-0.0868360891198634
1	0	97.5270270270270	21290.4696036431	205	2.72405203296681	0.357831244052200	0.00843185527870212	7.06386082029488	0.0117562585733882	-136.989095746034	6.82638225140973	0.370161679618520	195.125550526372	3263.24946749963	-0.516923713162825	1437.10462265993	0.496695266853631	924.019161639850	0.0991424510518446	449.892160948703	3388.76357920919	0.0385671788713451	3.53710743814675	12.7024142738118	-0.0985180664946034	0.245408610094007	-0.113631277732997	0.395125129653405	0.387021052748592	-0.121256653341492	0.260245942718635	-0.0847915688455352
1	0	94.2908545727136	6065.60573807265	182	2.45887455190949	0.140761509160179	0.00917757013547199	6.93837940634284	0.00980360845510558	-153.181301513070	6.97674093725751	0.317473330247915	188.624868992327	2875.05059089599	-0.150434280654831	826.091445742556	0.504143802625192	881.907837241483	0.235689094450182	421.699400528631	5428.78075685124	0.0697147406413246	3.64246265385696	4.35089649732646	-0.0154138726919305	0.287438603104398	-0.0768054761353461	0.290554899741880	0.308854222227373	-0.0889039332992714	0.269777701934019	-0.0163646980118628
1	0	87.0529300567108	10682.8558109581	162	2.92630381681931	0.458190115228351	0.0121819175889166	6.59294114098532	0.0127423487322095	-169.042147616563	6.68962923715454	0.340453141721528	171.908662591847	1932.45395309216	0.113341919783878	483.730043903115	-0.00625101535395402	552.761396946590	0.0109498466744192	326.575473686086	3643.70550294303	0.0321284432991120	3.56842429153171	-2.26881442684578	-0.0464455085910893	0.220810569214741	0.150265778785466	0.204068308784798	0.212932738597047	0.117527989731304	0.208941025175966	-0.0431745222409852
1	0	105.637096774194	19798.1051633673	201	3.08186111386042	0.450585396898772	0.00926768990634756	6.96551138349656	0.0130311414930555	-229.478798262331	6.76725073305783	0.336432422491899	208.556255073301	2799.73297671955	0.0380180272218424	785.042160766119	-0.857479290898790	1033.48691163964	-0.277651829714139	378.018754972053	5066.11508782431	0.0729487713473094	3.64002098024612	4.23533116959914	-0.0951989686825405	0.376034834433161	-0.103636521513970	0.312152574472418	0.313282351425218	-0.120346842888566	0.376885748524620	-0.0983315053097993
1	0	96.6878306878307	12856.7582284160	198	2.88857092637036	0.317741883723962	0.00996301584191061	6.86162422832373	0.0163717421124829	-224.846485064184	6.45275151785344	0.422810489111780	187.557836344431	3391.41633813830	-1.59118935307386	869.762045874982	-0.280064298740959	462.493933652680	0.0565267065249841	228.349396359887	6867.40989203930	0.0912026303771727	3.56353833090200	-1.55512753618928	-0.100793478508801	0.237516095469735	-0.0357689104630459	0.420527460700603	0.415826475570252	-0.0248516034460429	0.223561114841079	-0.119366503991817
1	0	96.5459459459460	21310.2326483327	221	2.84665198423326	0.369036818049668	0.00836782728674621	7.07032078614972	0.0134482167352538	-158.742721779264	6.61982967022877	0.409497396414096	192.846128048156	3364.28039296859	0.191021027444530	1307.54687595252	0.258968701808382	895.135699651779	0.103097453341364	337.302129661570	5880.67213357865	0.101685942013669	3.66226573111798	6.02524700770732	-0.168981712590325	0.360000065259631	-0.136847025524163	0.407430106731288	0.411780649404967	-0.125894271013541	0.347723961434965	-0.157726795323860
1	0	92.0868454661558	17388.6910728244	202	2.56384534347409	0.239441882968498	0.00888125541316187	7.03391713034944	0.00986814478877970	-95.8616726245801	6.98680844008531	0.340854235102664	185.216957800796	4212.33189018650	-1.41836034898036	1504.67594733176	0.228015036899738	849.633501849708	0.114856143633157	477.148907151323	7455.20702367155	0.108165063696188	3.83704739934177	2.21142164431819	-0.0799920632183089	0.201235425437695	0.00429794295390806	0.369649947163759	0.363313323419031	0.0166961015322356	0.179922641246787	-0.0757835156448747
1	0	71.5997610513740	8988.61110664042	125	2.77739765551833	0.580071499291907	0.0127596282450408	6.46972013081362	0.0114090839811004	-106.139189237789	6.94957484218040	0.356188439729028	145.180450969259	1678.74208684769	-0.277272563895281	274.989995149671	-0.0195764551986890	494.771667177417	0.162203973346220	136.650515351352	3209.49438287143	0.123076218543102	3.19821036549043	0.889564856843379	-0.152377444501315	0.452089390319506	-0.119720081333086	0.304164451669366	0.310971794999054	-0.101865060751545	0.452854568311707	-0.159441453975091
1	0	70.2316715542522	74306.8808466071	217	3.79656743562332	1.12235003976178	0.0539679263546448	6.07164932701426	0.0664646811589489	-45.4113276412258	5.55284478470601	0.485344861510271	134.755684166245	3831.56958831661	0.211152457231621	916.034569332686	-0.900408046727936	1025.21518216920	0.279890931205691	291.981914117374	6296.04809337374	0.142872638822831	3.61197738962489	1.09139274549446	-0.0757606407478735	0.402273256780601	-0.163409774475707	0.339201362270257	0.325057118790410	-0.169827386452253	0.411067548304838	-0.0868456879667114
1	0	94.4535809018568	25796.4789614948	196	2.91302307364016	0.433387279719831	0.0110850002462552	6.88718209431439	0.0112104637336504	-81.2999910432316	6.85045081267520	0.321967907624491	188.226948092251	3832.76375168132	-1.34028771101884	1015.97229588399	-0.284216865131284	1284.41614711539	-0.103952992077716	372.789070714706	5850.23080076957	0.0585259241674578	3.76790871991999	3.90498914676527	-0.130954388579386	0.398474994951575	-0.153555793155404	0.362212498873616	0.364819776496344	-0.145028560702401	0.410554755805680	-0.148851128196952
1	0	96.1394302848576	29584.3611189871	186	2.87584365571936	0.596242087116378	0.00953271490191936	6.91742190381433	0.0105464681146561	-93.4537156084990	6.93435522364213	0.327147758810606	194.474802338772	3110.79584344537	-0.730524681249929	1176.68032946015	-0.0514082563945161	745.932060825273	0.436910147922829	444.602833588758	3767.66841175823	0.0849441355544534	3.71310229753483	-0.0202787146545234	-0.0624633496025121	0.280695025066845	-0.0559594185282195	0.330982086914153	0.343474523828002	-0.0431600061105273	0.288320331688552	-0.0841096212612751
1	0	120.144250871080	2424.22135318437	208	2.58464916164394	0.0381164928997735	0.00793842343600141	7.16458823715884	0.0103579801938622	-154.713506174843	6.97465555182337	0.339153522159937	242.317022080650	3975.00332856006	-0.972260128758078	941.673516742921	0.699639806394566	929.611857725132	0.0225452854994538	488.092460070214	7622.53661060539	0.137316503909585	3.68418908568315	-8.60675231181961	-0.0372907370689285	0.286648758857027	0.0240819551838842	0.254501327294518	0.264436801513535	0.0343464497497614	0.276583396197661	-0.0318737418192310
1	0	136.283241542093	-1927.43204845751	163	2.72280444761640	-0.0622600452727108	0.00993598652008956	6.84948382991615	0.0125282908428720	-199.069245232426	6.86826460781311	0.384746996514447	272.967264842051	2613.73514810474	-0.596917221472290	591.730683291037	-0.899795066343257	434.884986487238	-0.269236174997062	168.942741805002	5585.79794162358	0.147985673037643	3.32752104700318	0.752642565973474	-0.0907847355940628	0.351749005826771	-0.150476104524423	0.374995913870277	0.383230557622946	-0.136634759175116	0.351039372108342	-0.0895179345078034
1	0	96.0927536231884	6212.39284990059	133	3.54776067810119	0.644842072244200	0.0148498214660786	6.25883807122650	0.0157747213349847	-228.229541394993	6.41640326327560	0.369722846603675	192.628580850849	1123.55076705519	0.649961809017110	333.838017836057	0.503857830050414	311.885912726083	0.177229973016000	186.918214176593	2314.03535938566	0.0245519094240891	3.16862430286103	8.82778189965893	-0.00766707230942521	0.239382102224095	-0.116127561507318	0.333899353015212	0.347595431114753	-0.0977888318398099	0.223030180273287	-0.0136536945755772
1	0	115.903076923077	12131.7564961529	178	2.26558311001316	0.175832183163045	0.00812307692307692	7.11718798249424	0.00930303999999999	-89.9778507362136	7.16511393688402	0.377312052598525	232.776256210078	4094.56429840335	1.25932575034437	1471.15294355729	0.257974192774711	695.030076239679	0.267993074035035	294.558977877450	6518.63317922356	0.110581506891078	3.78337478970262	3.55618586567755	-0.105120013776371	0.292009485805469	-0.144198489541623	0.434366555932793	0.446024259785727	-0.143809322444752	0.299818396229197	-0.110518400635096
1	0	88.6674107142857	38855.5285264397	187	2.77905588139328	0.572355223862635	0.0135921556122449	6.82420055634488	0.0128486748497526	-54.1724083899856	6.84978123440791	0.346740480243376	179.900294767543	4308.65718503710	0.979017520615831	1228.11662323731	0.592721858611900	842.195808613329	-0.256381653026963	423.558478836388	7675.36103412332	0.116282185454836	3.75489069776959	0.0879798574735560	-0.0962219756769689	0.256877298427863	-0.0544195283548832	0.404956921813900	0.389684273492128	-0.0643872813256311	0.248426238537239	-0.0855309659123549
1	0	70.5288288288288	26249.2555385450	166	3.64565046090771	0.884947869032826	0.0190292995698401	6.41877833098382	0.0196212377174552	-64.7057711959993	6.34683119998898	0.361086358264220	137.211705483592	2059.30100834562	0.211660720197623	551.200692505462	-0.551302301434204	634.938148826218	0.00156333939505608	231.424844513436	3344.98112620531	0.158131438016691	3.39029040252992	0.600230775772104	-0.0378507830114578	0.370562255234387	-0.140311827779414	0.293573716597644	0.300043370664673	-0.131628255592074	0.358992282443810	-0.0225657398242678
1	0	55.9618226600985	18131.8888252917	152	5.67666946203474	1.45037414049859	0.0283948894658934	5.84600561717771	0.0546592745914542	-77.4020191406288	5.22767499921769	0.528391583955345	109.937404126247	1490.67754671482	0.108852415166991	189.889202050767	0.183256340673759	213.318324618114	0.329737637732382	63.3114110141493	3598.05388816837	0.254819778205770	2.92470032783287	-2.18664422979600	-0.112252115829287	0.389647074290949	-0.133373493833650	0.379194901132564	0.379657214162690	-0.141145074899370	0.396008278951708	-0.117464708374541
1	0	98.4325396825397	15691.1620844031	181	2.23861737175910	0.222928605271800	0.0102530724223846	6.98278359162185	0.00837478112546794	-62.7721378206355	7.19229526162304	0.309231490761609	194.709921559391	4082.83346650331	-0.279010469520814	1012.66277714477	-0.0149674860415180	810.516882269483	0.361380905208106	596.705485409964	7619.22032336928	0.128343220046637	3.80082285232395	-5.44408505982682	0.0736708380088030	0.176183056147842	0.0317653213705225	0.268084088383449	0.253683367283375	0.00634021200049539	0.170301147372133	0.0735377863481421
1	0	97.9097222222222	16074.5011326249	192	2.47759440323644	0.308974345268639	0.00854391718106996	7.00128683019209	0.00975479035687867	-101.911395959669	6.93180401520001	0.328002425430579	196.442740709516	3479.07199419688	-0.891930175228689	926.698310281520	-1.57063642962917	1169.59058048891	-0.0216269838295235	298.811664162351	6649.90935062492	0.0972470414069977	3.68156440779669	8.87334563839033	-0.140828996561499	0.445258684241703	-0.218390732835577	0.374092487584012	0.363620697388475	-0.212422086821988	0.429958607634176	-0.131933181818514
1	0	127.028125000000	14231.5444487915	195	2.36507928125543	0.206437675513435	0.00764973958333333	7.17954548522723	0.00818466204667062	-117.487763547233	7.20806915578449	0.313060384905141	245.817750313975	3878.82905880918	-0.193695662413695	1056.19787515655	-1.63320317016733	1050.70548809094	-0.0402105150641346	434.352580995671	7612.31181391569	0.102579022115773	3.74420993587612	3.32837150953162	-0.0739735964821016	0.365007178296724	-0.131447411917558	0.318867194241591	0.324944643027194	-0.130134284801246	0.360806918979614	-0.0597849438666120
1	0	84.6275252525253	91255.1838903081	201	2.87070593011437	0.867312150370963	0.0214837771655954	6.58620567965053	0.0379460652669272	-29.5509208537586	6.32992809213311	0.404278484438786	166.282844702252	5794.32803333659	0.823440587068875	1135.49536138396	1.10643078700048	944.265934222995	-0.192960120495958	483.540584569300	9059.44630526961	0.196454007635956	3.72372603985240	-1.36941490056216	-0.129029584624739	0.364203349075179	-0.0830841860570432	0.353102538049471	0.361450663723422	-0.0859676491164675	0.372559943251348	-0.136973590864272
1	0	113.283333333333	28053.8639431216	213	1.95663552746458	0.180992416536830	0.0101410934744268	7.19729007870801	0.0141081216159934	-42.6525226836432	6.97623069414754	0.386464536116263	237.069126451540	8430.66323830330	-0.497299739560049	1684.41876860176	-2.18997712387412	1066.53245522823	0.00789150017614494	429.138298734595	19782.4991469945	0.220388579727999	3.82943831954700	0.218834315192396	-0.174415471367694	0.342136208897377	-0.0857878280007429	0.422717270806893	0.414795590453189	-0.105460202027208	0.359003261128376	-0.174624659276512
1	0	96.9110459433040	56426.9624814438	213	3.51849943132171	0.747203449771227	0.00896774002440448	7.03107336684742	0.0132425262728293	-72.3164011215697	6.65018424947377	0.342860037700248	196.696289942654	4977.47934572469	-0.726157965811909	1168.50008897776	-1.67406222568728	1037.64418706432	0.128389417124998	324.800462799174	9197.91915362338	0.113920734382351	3.69636799968080	7.03447110535504	-0.195022529879756	0.416403756268758	-0.182566545890987	0.428500830162033	0.423413862563028	-0.188010717175898	0.416688247303413	-0.193637379519812
1	0	99.5140740740741	5450.18686483482	164	3.04052583266178	0.240309162841243	0.0119067215363512	6.63199992741911	0.0154297172687090	-232.404781513906	6.58916195296901	0.381238029610904	202.706882407767	2136.70569042143	-1.30204901693421	554.137303905893	0.556473008207627	436.261982669724	0.0474707942803427	175.287822726526	3882.20801414351	0.104989292169569	3.38631668520390	1.33282108064896	-0.126201490856770	0.343471288396860	-0.119959972074280	0.412786087960247	0.404732858336550	-0.144996697888553	0.356752887113824	-0.140256279264669
1	0	132.395927601810	25290.8599515040	212	2.75049712180215	0.360455242612016	0.00795210763270386	7.20465776215132	0.0126756462728484	-166.571056029719	6.91675235774653	0.357422110903655	260.631594319622	4208.07522423564	0.121745109628136	1426.36451927579	0.431407233624606	929.946166819062	-0.0225516850461706	407.862539308375	6848.72319935632	0.108794625681151	3.73262516913517	6.13338001067916	-0.163073905744265	0.286324135346142	-0.0463204727017237	0.395638280065866	0.402023108736326	-0.0450623123219229	0.298886259489287	-0.173546709141952
1	0	142.544592030361	24347.1068379676	193	2.42359303736651	0.329908513540431	0.00785657961538046	7.16765172686314	0.00878748558246829	-103.169804398835	7.20597783613462	0.328862014626877	291.852748714007	4793.09245399762	0.856097027219785	1052.79302845442	1.34273260387771	1082.13614437285	-0.211596652150577	403.045081091610	9179.21367028611	0.140671142406865	3.72651952183406	0.293478790033760	-0.123958344553525	0.337590045281733	-0.0295397056366065	0.317752336501031	0.309941272816695	-0.0270823275383003	0.330408353673890	-0.116106512133367
1	0	128.651033386328	16015.6691196126	212	4.07771972664860	0.484548904326139	0.0113221329437546	6.81704930446752	0.0258830418535578	-416.285514191910	6.18238759398402	0.440735720879399	258.178502647271	2301.85699273063	-1.79531583271744	983.322248410214	0.987097946029830	781.779255274263	0.109704780179680	322.437596170742	3393.53975702022	0.0731106089094020	3.49322184929069	17.9685518639287	-0.111839570597931	0.306330815753480	-0.121034976890037	0.358172581930079	0.354042692572032	-0.126699274465306	0.320797414782457	-0.119309115366139
1	0	85.3646153846154	70779.6201826344	208	3.25562990665212	0.851456095125230	0.0228639053254438	6.57569008059803	0.0265347633136095	-44.5508329383495	6.26701657336878	0.364099539438942	179.814996987592	5610.22205201011	0.205792713266147	1277.89608969560	0.229615917620906	1358.14346740579	-0.0536253751915120	443.737019002338	11774.3645126787	0.0830661775709751	3.83627101921438	4.92750929094376	-0.133071843291701	0.340135784296212	-0.0719477495585175	0.343873825297282	0.345532557296853	-0.0836038649894798	0.345589213770022	-0.145614141405405
1	0	120.215294117647	30596.9482615493	208	2.37242006236213	0.336000390289515	0.00773979238754325	7.20976288755589	0.00881947448096886	-88.1657485023851	7.20081370776103	0.306848585571610	236.537185420663	4460.85757786670	0.120829604260898	1353.88586186819	-1.38281150438632	1254.59857080364	-0.676252772104979	594.057697393248	6609.46259278748	0.0875301614391935	3.84272079829919	-1.75484682663341	-0.0318359661769238	0.316342830403896	0.00378179570542614	0.208049346065729	0.226562369935543	0.0263876643327110	0.302476602044770	-0.0384147876942116
1	0	91.2650103519669	73313.8222627694	187	2.24345213366183	0.583356834693432	0.0258863469773543	6.47161385703075	0.0307230623818527	-24.7075654423748	6.56008636658505	0.368113185748009	178.473409221525	7123.41594514931	0.245735983998176	935.883018720371	0.841771613285692	1276.36567226832	0.183529986263114	387.938867371625	15925.4401094752	0.190589477427992	3.86297359258684	-3.80591793263872	-0.0771287411220881	0.371793256785113	-0.0920974614986223	0.300583396051980	0.302230699668114	-0.0833336521868949	0.396637925442649	-0.0787482265150770
1	0	93.5599078341014	31208.4687665664	212	3.08894281475627	0.511550226970887	0.0118817558240778	6.83376417117767	0.0144568200990909	-85.8152691815987	6.56110602248844	0.354656059669967	186.453325414238	3327.65962737949	-1.35706750732754	1144.07843751633	-0.778172372459141	1352.85801456935	-0.149588511873667	462.551191532094	5781.28265402467	0.0665736684568099	3.77930210154163	6.42310008568813	-0.126469888271865	0.270570855023242	-0.0189073506065088	0.354261787574355	0.337381567378979	-0.0361624263023612	0.284728640765554	-0.132019953076783
1	0	113.205882352941	25634.7913424353	199	2.59078315216231	0.320307039450581	0.00786480620789910	7.15938556335613	0.00840098130307921	-81.3812131765017	7.22733206394238	0.303871153946104	225.029333928981	3930.02810294901	-0.929524322885180	1341.89201172754	-0.585005677143609	1286.19412824691	-0.0897774769845748	711.118849901356	4866.77555621432	0.0735465152397636	3.85868402115581	-2.29155907470556	-0.0371702826449880	0.221284780614579	0.0239636572053392	0.302793207972373	0.302357187258191	0.0175679794211867	0.230149991057810	-0.0403846969494932
1	0	97.8072463768116	65845.5680776357	213	3.19115477755031	0.847860405598879	0.00888468809073724	7.02744433325778	0.0147688524553316	-66.0021197269088	6.61944096612892	0.385093308423584	198.674336153332	5180.69951331495	0.753753737515255	945.515678635956	0.850034158359961	977.804557095169	-0.0587381435021160	310.957988296706	8926.36942441519	0.170840450735596	3.63567906138055	-1.38787178841369	-0.0783140485370726	0.373289471435669	-0.159014158343009	0.378492786316597	0.352758336283875	-0.153474559627582	0.365076458348200	-0.0641639388996804
1	0	91.3271428571429	81955.3520538718	227	3.37054285365666	0.843914619285527	0.00919183673469388	7.02667464044073	0.0124262595663265	-71.9122452163722	6.80556089632627	0.338337994906738	176.942414950633	5600.91549783738	1.08841167852516	760.446531377080	-1.80651617388945	1320.21275790447	0.0293149235703295	429.086158962630	10193.5112932735	0.151831188205642	3.80822092000858	-2.55740724389767	-0.0633701425305311	0.444632074896228	-0.0980917243938162	0.236797482315507	0.238217797286851	-0.0986162174587816	0.433497752095521	-0.0636723867419331
1	0	88.0397849462366	15160.5056236920	161	3.20775648653677	0.615178917396790	0.0110556133657070	6.70440879496676	0.0135228395061728	-149.470722186616	6.67217699656939	0.390922983176817	177.164904563267	2174.71825168898	-0.925378692430060	623.791313691249	0.156653022916381	361.681431318960	0.0230627547978690	258.990331037282	3259.60047923129	0.128634839295930	3.40615414204353	-3.42989398921304	0.0581552001483509	0.160434219067347	-0.122735421537914	0.411098850009023	0.413323077531477	-0.100672413153249	0.167306650290972	0.0527275182236622
1	0	141.339673913043	17292.9771887538	227	2.48946738793351	0.140124431681983	0.00770912098298677	7.22694321007343	0.00809057987406785	-144.185057033698	7.23358571729833	0.298350220062815	276.666977850058	6512.22413907186	0.101493370322224	1765.29757443546	0.646509324192976	1692.57105649184	0.0857745690164125	530.175342529992	12808.6892878101	0.124954828077969	3.89446760243089	1.44512067024152	-0.128336047822315	0.380490536623850	-0.131684727464484	0.376964102613670	0.379480813056802	-0.129571336578558	0.368431044501798	-0.124678827175710
1	0	125.829931972789	24933.3469117019	197	2.63163512800377	0.360358687050354	0.00856381857353675	7.06809540348023	0.00960459183673471	-111.399876008924	7.05124747538246	0.316071291181140	249.651042420298	5201.95498773724	0.466703190659941	641.573146709472	0.766084561187054	1122.06768690776	0.158879369035437	310.388377515149	13434.8794828806	0.132892866849019	3.35476524316414	0.606277592489050	-0.103948705739941	0.433901826935401	-0.139192118006588	0.297168017333741	0.286862295386038	-0.125499744475068	0.420911220107209	-0.0756612234232073
1	0	167.761458333333	11882.6982468239	176	2.08483702270414	0.127460512105416	0.0106944444444444	6.95737950312696	0.00758758237946583	-77.8723424802870	7.37614567648842	0.300762020334602	339.669940791720	5445.47376384179	-2.31161025389450	1197.83180153270	0.0689508354208387	1175.51261486156	-0.130656638814057	429.123687113569	12532.9379025985	0.152922369862312	3.76468930313844	2.21571704427129	-0.149175411729029	0.369721338173619	-0.0668755261713785	0.345889469243672	0.324711681115428	-0.0803572849458414	0.371499316543160	-0.128120241578412
1	0	140.968319559229	51693.9556486769	199	2.89399356551046	0.556640960886224	0.00973294173895226	6.96413420515626	0.00880217749225206	-94.8323071356024	7.20221939187772	0.300030600655105	285.799898561604	4836.78618744294	0.421609526429581	1038.17555793194	-0.184152549320230	2047.32952514845	-0.320652824831582	692.308405205077	7049.34431797397	0.0724973435964320	3.83370740555586	-5.28174029410775	-0.0435710731966787	0.414797897853297	-0.0751234918606021	0.217439079734612	0.215140009623926	-0.0621805343905240	0.443489676393373	-0.0728497705353384
1	0	122.848484848485	68860.8387734091	227	2.38957275571859	0.378496123418712	0.00736792345183954	7.32169854483744	0.00808448117539026	-58.7922887606608	7.27497655527211	0.335069896329144	260.902879195691	10194.9812211823	0.885620900913947	1678.63671594133	-1.27998483842952	1610.60360427773	-0.180698398070864	423.147430010710	23537.3228225888	0.166291657230693	3.84882496975111	-1.23566864102816	-0.118942331060187	0.381342934748646	-0.140882803747669	0.382329783810488	0.381503368482267	-0.139296518022281	0.389995645676636	-0.126036862813146
1	0	112.341428571429	127538.823890781	226	2.34513482864666	0.575706020677775	0.00756326530612245	7.28454177600980	0.00803731138545953	-37.2018015463392	7.30179187288512	0.311300093239953	228.483780425573	10212.6243437819	0.818527994131836	1439.07959485425	0.326526831998515	1580.66083871604	0.261786591033174	943.819052465912	18083.3774529008	0.203893477050031	4.07912315040697	-7.99851564896949	-0.0940180927867125	0.272781420942997	0.132714625595737	0.230156202675416	0.210417652739407	0.138601385751662	0.243562057046208	-0.0624280121803134
1	0	113.033862433862	69108.4150268472	211	3.91459478007731	1.02250199203111	0.00981271520954061	6.93594419947315	0.0159352735176911	-111.561657154781	6.58745543450522	0.387874325303181	231.164452837230	5389.45285894155	-0.0884506705538742	931.905318705279	0.302918374470791	870.944895882534	0.141269967340506	332.407193520991	12214.1177609876	0.137441462087369	3.56177780785223	-2.85464686748605	-0.0758090519033438	0.315191397116404	-0.0875713146911332	0.373091519301342	0.352465799218717	-0.0999810299222970	0.343859120899789	-0.0947604416548380
1	0	135.616161616162	39261.7523278906	203	2.72724112560632	0.514502516495935	0.00851574430337265	7.06266119067513	0.0100261313418274	-118.278878961345	6.96458733036091	0.348207434702500	265.744203952068	4477.92185443465	0.486222698660740	906.263564856033	-0.495402469093557	699.944246555417	-0.359842239408647	385.308891573666	9533.09806239366	0.173687094592010	3.65124450805669	-5.23842721804624	-0.0187028145162644	0.244866495864995	-0.0447564731059456	0.338735678997542	0.338690055303156	-0.0342577403158797	0.229529256067650	-0.0158075940726405
1	0	144.217084639498	21863.2439210346	176	2.52798069913024	0.462390353562907	0.00950020145242284	6.90632719295578	0.0121717010667903	-109.520913232037	6.85776175865287	0.388929769338875	294.188331856677	3899.81189977014	0.391993974743907	617.077235870821	-0.647896570666023	658.579682148484	-0.102960749700058	247.909440888346	7881.11732983603	0.198258250345813	3.33519636197177	-6.33929807988375	-0.0172374355416979	0.308262150105102	-0.111219720936981	0.342036717333219	0.351246456493755	-0.110768207138650	0.300928465730241	-0.0182980127860120
1	0	97.1333333333333	59143.3808518519	239	2.55210816009971	0.394141620767664	0.00766589506172840	7.23058071160220	0.00822726318000421	-69.6678080633867	7.21171135188542	0.285355874442297	192.688373772563	6599.07782062883	0.931996250787594	1492.77550927784	0.364340844354912	2156.37142178260	-0.277599612329300	822.240579006733	12269.1433257185	0.0449336314002911	4.06881986117846	3.85835182658687	-0.0879928726749796	0.383587938169630	-0.105432713274683	0.285763538597285	0.294616100174201	-0.114573088450063	0.374778670897377	-0.0697891000887028
1	0	102.585000000000	14399.4728782500	183	3.81759117385521	0.713996313723434	0.0129500000000000	6.51988551901881	0.0210126711998457	-292.190299913487	6.09383288290141	0.405446463129186	204.469243479789	1705.20438768105	-0.787879841996053	458.717503346812	0.0217303884702973	482.884218099550	-0.0121343542022345	198.351909595861	3057.88943835146	0.100001251405506	3.37602340519741	0.219687393348067	-0.0866315109808521	0.307628488076154	-0.0329998514538761	0.321830374348166	0.334313850635185	-0.0516795576459168	0.309910491804398	-0.103924166027507
1	0	127.040476190476	47830.3411190206	240	2.31764419980071	0.229356675491612	0.00694727891156463	7.42526500223045	0.00746651216967166	-75.9951501340124	7.36405920465652	0.316071197475820	252.457272214447	9484.68041767607	1.47772696145997	1995.12150411835	0.268291610227360	2139.16942891251	-0.174299243227802	912.481395952854	18887.5669427775	0.158502997459638	4.10384973022966	-5.38543469268450	-0.0406073907316040	0.312822106613853	-0.0732186168796787	0.310746413226902	0.318970376996629	-0.0594841968631504	0.317171376402498	-0.0450122392218351
1	0	145.523611111111	25916.4784291033	215	2.49144262211960	0.253955055293057	0.00768325617283951	7.24528830276366	0.00950783678703907	-138.250212231074	7.10674296507338	0.355246821903417	294.927498539357	5928.61285535392	-0.961065508981441	1003.90421689391	0.767925658407204	922.333241979997	0.238689444757071	560.084217589357	14130.5685510021	0.207943005050365	3.69852177017498	-4.51825853647677	0.0490533499252470	0.299727125493046	-0.0913495174701549	0.261373058630905	0.275326767741603	-0.0888215633173921	0.298044029055308	0.0277379024086208
1	0	132.882417582418	44100.1962837794	227	2.41623126000782	0.314910743061178	0.00769230769230769	7.22359031512121	0.00743118367346939	-105.857445994034	7.32261226730010	0.300430627224978	272.918681012355	6913.38800514681	-0.661351460482925	1382.57440263140	-0.349829374576271	2063.64352557003	-0.387046687684257	992.256778137470	13275.9503101946	0.0882763578886994	3.93783717553635	1.63717593957563	0.0339635338392531	0.284646058293935	-0.0940240707435973	0.261322109732039	0.257108766749788	-0.0835110279561879	0.277193675034114	0.0487304764966137
1	0	123.272727272727	47427.5116453794	240	2.31417859222484	0.224424734233207	0.00705005949761194	7.37644049036918	0.00620116554182487	-70.9439458315241	7.53727242527619	0.272604129429983	241.860568603644	8896.81392974693	1.80920959408311	1639.65274747721	-1.06714136695143	2754.49754957460	-0.488646687798410	598.153641715277	14422.6500413736	0.152436526309507	3.91109829359677	3.58243370657391	-0.156210340086047	0.452826433054571	-0.111983720169234	0.304515727388786	0.285969391739227	-0.116449616670423	0.459271562928871	-0.147262731218044
1	0	139.458181818182	59297.6235925830	212	2.27835257485878	0.377068831031758	0.00876694214876033	7.09459857529639	0.00700589569160998	-65.1684648829710	7.42800351969632	0.279203855423280	289.425340540566	7371.53070982924	1.17979462202511	1484.96924133273	0.978433567583867	2932.27656064221	-0.0395133654408318	715.486290768964	13564.2632591162	0.0644724720840659	4.06995356185938	4.58245753505764	-0.0835675757646831	0.409983501854924	-0.118685630635548	0.273685158074217	0.277338872224958	-0.114886366671678	0.402075485198476	-0.0815660748858527
1	0	144.099880382775	-9422.94205714156	237	2.85020314584920	-0.133132646029109	0.00835746663308990	7.12230680888895	0.0159511991957920	-381.785924223992	6.47735448964676	0.440535238864879	284.192964653869	4591.51552421845	0.393066871144682	725.518995550371	0.190061307776635	841.971988231326	0.0115226269510335	237.036555762510	8934.17469694666	0.259744732162038	3.50954594330484	-2.11555183009000	-0.188210592021328	0.440415830937140	-0.176598102808223	0.433187967873697	0.423530927754042	-0.179825038917139	0.439249212575044	-0.176957940271752
1	0	70.3161764705882	159142.902179963	244	3.54506524325974	0.985327886348814	0.0184702097750865	6.77468147782376	0.0209499110422406	-40.1578041694844	6.49850880834920	0.417018837010846	143.164046576391	7697.50559736213	1.05266485283698	2313.21292251339	-0.939511410185946	1254.99170387315	-0.0213407430866452	605.080998776607	13625.2113823126	0.0488869265394625	3.72299526213644	2.29880008532737	-0.109756482687508	0.299771724358165	-0.143590132688199	0.438218645634092	0.431075190454432	-0.122858927174719	0.293299798997663	-0.111946961251549
1	0	61.5464285714286	102008.678554756	244	5.17893918341466	1.20305702840605	0.0174426020408163	6.61067282836807	0.0206978737997256	-73.2198688547148	6.16841868794440	0.406601733621227	124.017899694494	5272.74205540124	0.340246094944559	1144.93680853000	0.711846206392434	1600.12888616652	0.226439567622478	333.592586402260	14435.8525601674	0.0496013487322387	3.79860042357967	3.08865025110282	-0.213687020755294	0.473934853889342	-0.201208515480149	0.432497451478130	0.411773619114478	-0.238278839320916	0.477807191354973	-0.194238891357186
1	0	120.610288935870	61750.5274276262	243	2.30707427817432	0.412056910340159	0.00654015448253120	7.43085362870238	0.0104516094775835	-112.829344270105	6.95351199632197	0.385910285200621	239.617293770427	7683.42626144366	0.619288931092118	1813.76534485509	-0.472379413168222	1003.65470670674	0.0873683895223209	411.033846851680	15305.4494312249	0.210764352713891	3.76897677845734	-1.45353548099280	-0.135099833749526	0.325079621776595	-0.137905726916293	0.460744339751211	0.458297974414918	-0.146238693843232	0.328487851799017	-0.141110577002971
1	0	64.9238505747127	36433.2017959616	183	3.15037913395491	0.833803539121050	0.0119896948077685	6.69544589350031	0.0223014987244898	-93.3040267348298	6.19029074794902	0.475800533925107	128.738634247635	3994.68372919231	0.694856356296009	609.178553417231	-0.195267911436853	441.597253940962	0.0130965114989346	124.331337499966	9180.01298668583	0.147171893013611	3.39211078419991	-0.758639659506684	-0.199503716400034	0.446681316810279	-0.203490713185660	0.473219118602668	0.460500952422045	-0.185313631898333	0.417703422401384	-0.197828556403149
1	0	113.447450572321	29509.9393529997	186	2.84291504921028	0.561352451012079	0.00851848523206295	7.05731968557355	0.0114972829228813	-130.434065070168	6.91518840438532	0.378346979312688	226.790457022229	3793.53849782894	1.10789341743518	1049.00676503304	-0.0428147363851574	722.005157519261	0.114908648193690	248.497637750466	7418.28791907298	0.123459224684192	3.60811987755219	2.01820055858298	-0.0689770806747824	0.327238291871496	-0.170408553518029	0.400421649166945	0.409597269628436	-0.164829729102961	0.317697945245321	-0.0673273196520903
1	0	158.798780487805	-11385.5655830892	206	2.47689007308383	-0.177744180160597	0.00788496706105273	7.15435538815849	0.0100926319367723	-241.263833164579	6.98315457366765	0.359531843468772	313.616282979964	3917.98755662474	0.776987835568694	774.267267833557	-0.651148684761993	912.732714127250	0.0581343621303244	318.303446301877	7958.61696199438	0.190853524121631	3.56679781686079	-0.839219630771822	-0.0882338974094191	0.351030515608006	-0.0814643832352702	0.316200156586285	0.319972468099945	-0.0755702712946018	0.348194462508811	-0.0855019263478596
1	0	122.862723214286	84794.2556965472	239	2.65776189549061	0.626696072589967	0.00811643016581633	7.20604756034899	0.0107608730276710	-122.940928386628	6.94547223379512	0.339496014063411	247.536510565439	7075.55576244880	0.980392838465995	1547.62887544731	0.433929769205345	1440.05931316466	-0.156359274886042	635.259892109976	16616.9463343645	0.105030911860253	3.88886560861098	-1.72679131537905	-0.0835860309994994	0.291519888626624	-0.0285611824091028	0.334930429055874	0.326332804950376	-0.0263189446804247	0.287837494526544	-0.0884419079269971
1	0	117.029629629630	75377.1074319970	243	2.39773129703577	0.335727474381919	0.00699283645785703	7.39108092373763	0.00802021696252465	-64.4090418370785	7.28005937768500	0.346561820496579	231.286171486853	10091.9409949670	1.07079900230048	1817.74682066065	0.325719838133659	1499.29595012090	-0.0601815166389130	749.466289466095	22170.0635803047	0.215078634523019	3.97694704356199	-1.74036700597276	-0.154095221674123	0.352898599956731	-0.0716663028068116	0.387366097691327	0.383282019943457	-0.0628981159579616	0.331789780450924	-0.152265627278585
1	0	105.214030915577	50474.2082810133	244	2.66523764572316	0.332112103854491	0.00708770630060754	7.34649307943834	0.00820891674148853	-86.6133423424571	7.23311379280198	0.287144047346715	212.015721085901	7553.56215585095	-0.372645419701771	1999.88587141642	0.671604360124786	1824.08732912268	0.0259709084807855	994.160308285541	9777.73144521136	0.0732355849478228	4.10334181804550	-8.66338014682469	-0.0158517588006808	0.224142592810735	0.0333346163836176	0.306607519696948	0.315546250999568	0.0142398612964213	0.240346565148910	-0.0367675235186677
1	0	85.2633928571429	54322.5780600500	244	3.22769419529841	0.468537093289012	0.0102638711734694	7.08489748864220	0.0111681777263374	-87.2361691859882	6.84192456515143	0.332110166817355	173.095079660938	5547.91864090552	-1.30045996520965	1322.89968195792	0.122076361649289	1575.96577069609	-0.0764515664970042	681.516106073022	11046.6177913008	0.118304417036771	3.92551596507141	1.55133678553963	-0.0342729564434434	0.371358543298070	-0.118248484935076	0.270351564400596	0.278713030747319	-0.128136319241938	0.387341354967598	-0.0466166868578330
1	0	129.700000000000	25632.7329230771	242	2.25262898878128	0.150965135117458	0.00651612124139597	7.43134699309036	0.00749257142857142	-110.036234011010	7.33962363327997	0.312423597284021	254.900929421752	7666.53866196516	0.233778774999255	2007.93890112725	-1.62195191191057	1902.32231264549	-0.429685231675596	835.491987313801	13955.4171880029	0.127478158602333	4.03626155050128	-1.87928449498861	-0.0738916349744310	0.343650433253797	-0.100641399323152	0.330059297148866	0.346718229446057	-0.0959478607959081	0.338205749584191	-0.0732236781998381
1	0	137.407366071429	55981.7677496333	221	2.23153734197028	0.337869976370648	0.00731425382653061	7.33410553667587	0.00756065672153635	-77.2579300728488	7.34618414431617	0.317700147941664	263.431894201468	8103.47635339322	2.45161491265495	2051.53577571669	-1.19351515307400	1379.87753662992	-0.300513176545770	756.373449607287	19015.2685685023	0.119950059026338	4.00093303691000	4.00503399603463	-0.0237030463849263	0.273444410870315	-0.132351817075346	0.371435448038007	0.375465964204190	-0.139119939861414	0.277218396836745	-0.0306733524614362
1	0	157.925084175084	3290.84687658250	188	2.54021937086335	0.0673437779612275	0.00923800292487161	6.96286923635322	0.0111264829282408	-209.444887991725	6.95152012377461	0.356952772357546	316.235544749929	3394.83146457240	-0.566478737139967	667.852733102107	0.0574144680664247	837.520233155714	0.0503575609558995	249.260311404352	6251.77664033114	0.155525452576004	3.54568804971612	2.83534460290662	-0.179817175283070	0.405165089450305	-0.114316441435590	0.385225738945711	0.371648398151280	-0.122018411204192	0.404821085775644	-0.168459758628703
1	0	80.4712962962963	176586.920410521	237	2.99478787791455	0.855810746725974	0.0168981481481481	6.96807863535211	0.0151609819292142	-30.5382372882287	6.90769182145484	0.361564230806077	154.054308284240	8476.89820744076	0.971620860194913	1680.28312568651	-1.03492378343796	1772.22609726942	0.257880017341389	860.158087265238	15086.0357520767	0.184392310912794	4.01477040624844	-4.72873041777433	-0.0577301198636555	0.339325732886306	-0.0810635774095921	0.331107665654548	0.329822944273691	-0.0712103411115045	0.325454717531998	-0.0559933278194027
1	0	69.5616666666667	144324.816219009	236	3.34187959877974	0.990972038489234	0.0221111111111111	6.63683424100110	0.0201240075614367	-36.8943596972656	6.50822817349913	0.351383908224535	146.127395468691	7423.62607826334	0.399424551851726	1294.03525932010	0.655814212299489	1884.79925837540	0.0350412450465610	1207.64945114580	13812.8144117919	0.0986600732734209	4.02606956045348	-5.32130887920928	-0.0196161477305947	0.234715489482632	0.0929865191022252	0.227285591231637	0.207855778306296	0.0976731989172518	0.248380584639167	-0.0103295784155519
1	0	115.073103448276	68509.5496764711	198	2.68008946803988	0.772432116935292	0.00914149821640903	7.01331552306945	0.0130591836734694	-63.5163834002191	6.81924450990220	0.370566523392703	225.564395371470	5066.90890110261	-0.587876411418105	1188.30788247882	-0.481786405768537	870.597673437947	0.186777568210968	344.174014590341	10967.3084700935	0.135710223047022	3.67975757396412	0.508307321543612	-0.174217416069129	0.359734671912223	-0.0902417923379857	0.406107750803282	0.402470623793965	-0.106313901739596	0.358126926112622	-0.159683203612007
1	0	82.8869047619048	197710.429558009	236	3.38179271920979	0.992858544585605	0.0113002232142857	7.10266111864009	0.0146097597028853	-31.5644229550409	6.82089221028375	0.384321345030677	167.468453276408	9370.58107517177	-0.431770471853762	2254.08498765687	-1.96575228717454	1688.27888547656	-0.436950463212167	544.813212813898	21647.2432617017	0.158442581731826	3.76390736660309	0.928240244987222	-0.135874514981545	0.388918103991004	-0.194936916190975	0.436837010226887	0.434228265311042	-0.185596660438753	0.370530876178529	-0.125302263051925
1	0	127.612903225806	38887.4622089446	237	2.06093052184690	0.185661102221591	0.00651898670937481	7.43665087471472	0.00693263222069807	-70.4852993617297	7.41850475974261	0.305482262946007	249.289022921589	9520.06653724857	-0.582335609631077	1817.27865543542	-0.666266833649086	1679.50757381719	-0.0528811582151291	805.466362023475	18791.2876558384	0.195061403146809	4.05112158036073	2.20188924309502	-0.121805589791251	0.297242792522297	-0.0705843918350408	0.397484553976853	0.377655662599222	-0.0871505346119017	0.310714346681327	-0.121805047663403
1	0	140.662244897959	8812.90062206024	232	2.14367583153876	0.0661792634406519	0.00670345689296127	7.36175048800167	0.00843425436018029	-137.565768898066	7.14708099728325	0.350385152491654	279.581554833168	6860.70945946925	-1.20981041288600	1503.88160971052	-0.106651894619389	1502.50841314261	0.143671523039634	323.427512395547	15185.2114362798	0.180707053357239	3.83285851165468	1.15132583008995	-0.198260803203894	0.442628880056196	-0.171231936897038	0.426141364738051	0.415151350695601	-0.169701527784335	0.434675985367972	-0.187771775404590
1	0	110.071839080460	40688.3372704356	193	2.53150874912632	0.637208341656291	0.00955377196459242	6.91266002986365	0.0135921556122449	-81.2493371224655	6.71793433098504	0.360372389139764	218.664567061125	4281.82531614455	-0.0700808007999633	999.172000317682	-0.640143989014849	656.196812806362	0.00459205032045068	281.758295389271	9498.92699557923	0.164548098191140	3.66391082952610	0.0675551547474242	-0.127830813534889	0.373429105483204	-0.181733419613074	0.429335164711846	0.441314993271323	-0.182487223436996	0.368912890733240	-0.121270391044300
1	0	135.190476190476	14877.5687290788	236	2.21177343281670	0.0667525571805211	0.00760099958350687	7.30805686762878	0.00872767857142856	-73.2335800501977	7.25139901156683	0.365170304618411	274.821487608968	9059.47407669568	0.308175752409101	3406.64766078443	0.612786412671651	2063.91352492043	0.0297861813622881	471.896048384703	11145.1774190583	0.0517263619184181	4.13340405417401	6.33820401824403	-0.195944752802009	0.406640856928600	-0.216981754742219	0.490858071749422	0.473488419735907	-0.223249695283181	0.421107078892416	-0.204876572429031
1	0	123.014814814815	-10463.9934091348	237	2.08571504107313	-0.0400293823243279	0.00773158646174519	7.48144624845870	0.00881809034892518	-51.5110875537369	7.28700858382356	0.390653360310925	245.225111860617	11742.9627368621	0.673618592611424	2744.03943545185	0.977479015625003	1399.35705984549	0.195844176840644	502.984179114911	21996.5657274557	0.213328454207804	3.93940712765033	2.82173638299321	-0.179876626112059	0.389584609443277	-0.181435126408131	0.459246712147027	0.461715155107632	-0.181516557997845	0.394063892484441	-0.184703331814749
1	0	87.8927083333333	88929.2038286518	237	2.52530998612692	0.534330118464466	0.0100217013888889	7.17561586311119	0.0130974679153660	-46.0340311618426	6.79599383630600	0.403827202595103	170.386559096202	7394.60435743669	3.74916913282077	2614.96524274476	-0.208122659230291	888.433699716956	0.309518174850121	558.622174455798	14140.8707299588	0.0999896370618032	3.95108968975227	6.33309828454316	-0.0937403545542480	0.249086445451336	-0.147141757829495	0.452599624956280	0.454960819684975	-0.140113390881290	0.235700513926585	-0.0838739053561710
1	0	74.9843478260870	72761.5801511209	237	2.42845952205590	0.498838146338398	0.0319727788279773	6.50679147918103	0.0217933884297521	-45.6785821961558	6.50073371357890	0.340507210848812	152.800819112789	8029.39088632089	0.111573022714650	1359.79367019297	0.225275827658941	1617.75531430470	-0.0155551826323082	395.788670096542	12116.3866301181	0.152261399773826	4.01510882688175	-2.51828573936243	-0.164565332433619	0.421320991864526	-0.173865944810049	0.417469729900668	0.419480328805216	-0.160499771341794	0.419377576019701	-0.145141326490799
1	0	84.8654545454545	110255.213535399	237	3.06624089183566	0.694738299404068	0.0145851239669421	6.88541764251863	0.0101333333333333	-50.0813078918526	6.96957128743081	0.281022006705453	164.880740393403	6173.30296538124	3.80137501626084	1515.12420852565	1.80125469628839	3280.30105021050	0.0972776449814226	538.354832476967	12516.7834321479	0.0703452081095366	4.06009391670520	5.97169011017418	-0.173379500211728	0.441296174064523	-0.148390273382581	0.360694828213099	0.355250793398934	-0.171651187063558	0.447355690072881	-0.183759824516356
1	0	120.352490421456	34261.7787900627	237	2.77616206767439	0.410015183777147	0.00770687453208262	7.21698350739024	0.0121890849086365	-212.751408653131	6.77738705592920	0.377991365656696	242.113782465025	5038.46860756052	2.50984708600687	1640.70311430955	2.07947357774964	1094.24913714553	-0.284450760141159	412.841729544710	9659.14200608078	0.102027353511511	3.76606019563492	8.02893787308824	-0.164117455440632	0.343071321368631	-0.115446063094571	0.409110971053484	0.407155618898134	-0.122981491305571	0.340315871049176	-0.163869426335202
1	0	117.583850931677	10315.3275650501	205	3.26407312789323	0.346589830079542	0.0111063959295123	6.68114040404193	0.0209522684310019	-246.553190184314	6.11248849825556	0.446543055159112	236.486746209102	2679.20067796803	0.891898095638346	434.439195445267	0.187695906984662	577.637354809252	-0.227574945255428	282.403308219589	4179.72627723366	0.165022352866583	3.46659559652498	-3.47877663396230	0.0801090956300188	0.305257152641681	-0.0548992954485814	0.207213049871102	0.250007791871598	-0.0653345894138119	0.330604190568334	-0.0201198951255570
1	0	95.6695156695157	35357.6650433494	175	2.61085179625914	0.712850583641110	0.0109090023619938	6.78713012352647	0.0181125485802318	-88.9778126699548	6.51035076271149	0.415077110321777	193.265732595103	4315.51935249325	-0.920402761584912	869.851328297513	-0.0631280002358528	384.324386408457	0.158341170618068	143.404058266181	9204.07472070013	0.0597646419815714	3.56315967642495	0.426670588743889	-0.123112125706381	0.357155371609255	-0.202771149737607	0.465113744856149	0.471792615876260	-0.199118755051898	0.364800342273963	-0.139346714737478
1	0	125.744761904762	63704.8209701209	184	2.74224557271949	0.786990653025701	0.0111492063492064	6.76874250681602	0.0133160903250189	-42.6522514012398	6.85692205985923	0.371048353826757	254.538469482035	5673.77786193834	-0.703636947590561	818.982658596209	-0.284838030941138	897.528977808759	-0.201865274788775	413.041018435548	10186.8088664097	0.175263434772715	3.76280821647827	-11.2873790137659	-0.129547744298655	0.318397922546218	-0.00281671764000269	0.352855380817423	0.328868037952295	-0.00626767409711237	0.331373263080630	-0.103709605858263
1	0	127.718709677419	61719.7497705181	201	2.66672808463838	0.745625737944894	0.0107604578563996	6.87860048357708	0.0151546666666667	-83.5676977490727	6.78908904261541	0.397965750788295	249.452643742794	5000.37882892857	-0.637130558646551	1213.99605932035	1.69747945639077	870.344465886390	0.00480450258355223	272.356220265053	9884.95890078164	0.168273611169637	3.68306615323279	-0.806193915886638	-0.178968175580688	0.360287343757754	-0.122446968054919	0.442146762881020	0.438131236837461	-0.122060261624405	0.352632845992929	-0.163144650313370
1	0	146.674278846154	81911.1349973787	202	2.01584245286161	0.473627030119305	0.0122879299186391	6.93348331242135	0.00852421874999998	-51.7980502731395	7.26275450890516	0.294811513098995	290.869948754438	7480.72421154719	-0.784515549812631	2172.58962159728	-0.726595209796926	1513.88724656002	-0.247975702236926	987.373571184866	14592.9970239327	0.127849838388819	4.01393058305980	7.15693590869807	-0.176636049992535	0.303358185411094	-0.0252266625354284	0.382006147015030	0.382754438802425	-0.0447574328380881	0.293717787015471	-0.163324836166307
1	0	139.144628099174	72584.3596977468	179	2.41662542055101	0.706366197934250	0.0110392049723380	6.78052793361108	0.0103282359775866	-39.2043546311713	7.11915797613797	0.314354597300973	267.996112166513	5593.26135493547	-0.643633418095340	1212.36154854862	-0.444005711392999	1075.59399065842	-0.00420387528464740	387.061550113865	11127.7893556709	0.139853031308183	3.86269666669748	-2.36808887057327	-0.116427721642017	0.362693296366015	-0.0678069117229142	0.339383814121367	0.328520843366325	-0.0693276656743913	0.369640192550773	-0.130202645676350
1	0	152.809523809524	60456.1160886271	197	1.77988785367989	0.314641824242543	0.0126262089990349	6.90420303485502	0.0137553539934492	-42.5737813474018	7.08202540139083	0.354985695761756	310.516844422889	10646.2468691490	-0.280345702895265	1428.30543629781	-0.604195422626282	1155.30510065886	0.00210046852216979	327.730437807347	19430.6049839550	0.242505412575036	3.83018163566657	-5.77387027394832	-0.197216610720021	0.407532885540595	-0.123699254322165	0.437627174161472	0.429787251991950	-0.127815831432955	0.400682056876470	-0.189479080379151
1	0	137.208080808081	33956.2597084321	218	2.40227228827697	0.372545447351902	0.00934190388735843	6.97978782403599	0.0109864882592155	-155.762661305431	6.97167069917427	0.336467424201936	273.862378488672	5026.65261830426	-2.38390797869196	1029.42248783596	-4.08045429543967e-10	1689.55191981395	3.55212155985403e-12	327.447543803764	10006.3912388209	0.0476257774800231	3.52616190880202	12.6668005943023	-0.191234598615856	0.437731693027320	-0.147481115438272	0.367663293612108	0.364899133687265	-0.160686104051136	0.440399774418772	-0.203475730145927
1	0	120.442887931034	110465.258821744	200	3.24201723543728	0.961758618718250	0.0102858390309156	6.92471575762957	0.0106468979193240	-46.3855538955165	7.08159551227866	0.323877275583517	243.366197454574	6342.06609761818	-0.303712895977715	1517.37497348508	0.475400048837804	1364.10720405893	-0.0756565209629860	736.036458348745	11886.8929820283	0.101888087809654	3.88452120813732	-2.26161712995065	-0.0232039216131317	0.274647978296986	-0.0377660182770354	0.302432206901552	0.315705050361570	-0.0552543536520147	0.283595275615671	-0.0400421966178630
1	0	121.154006243496	123589.487726544	218	2.87587448283643	0.874034351139622	0.00951034139992486	7.01688390482207	0.0123112498554746	-63.1011707961636	6.90986093284703	0.367801565954486	243.164904354196	7585.97073455372	-0.662547090432930	1488.19718428053	0.194879899882269	1357.24146920838	0.210198811248467	520.136815140164	16647.5255310883	0.190016993475472	3.87239630710197	2.59575670428490	-0.190512461516673	0.308144750225064	-0.0422497170317195	0.423717801242036	0.414940258462139	-0.0564589631843742	0.312794889280959	-0.190457450399862
1	0	98.2079772079772	126572.711492773	217	4.60221476360438	1.40695045681802	0.0120412983660847	6.71960917327749	0.0217196159122086	-64.2018527102649	6.28547521740202	0.422790291754590	205.293297022932	7120.17867661564	-3.92135385940303	1084.51088037815	-0.573085877752251	816.290760525679	-0.161023584792931	381.483986604212	14374.7669330660	0.123011846158176	3.67669831683893	-4.96970185844793	-0.149589795033094	0.344671792959036	-0.103609010331317	0.427165322292642	0.430281456707755	-0.0964459048247688	0.323956722917274	-0.125311188143849